# File: EPA_state_egu_emission_factors_ktPJ.csv,,,,,,,,,,,,,,,,,,,,,,,,,,,,,,,,,,,,,,,,,,,,,,,,,,,,,,,,,,,,,,,,,,,,,,,,,
# Title: EGU emission factors for US states for plants built after 2015 ,,,,,,,,,,,,,,,,,,,,,,,,,,,,,,,,,,,,,,,,,,,,,,,,,,,,,,,,,,,,,,,,,,,,,,,,,
# Source: EPA's Power Sector Modeling Platform v5.14 Base Case scenario,,,,,,,,,,,,,,,,,,,,,,,,,,,,,,,,,,,,,,,,,,,,,,,,,,,,,,,,,,,,,,,,,,,,,,,,,
# Comments: State-level emission data were obtained from the 2017 & 2018 and 2025 flat files that are used with EPA emissions and air quality modeling applications,,,,,,,,,,,,,,,,,,,,,,,,,,,,,,,,,,,,,,,,,,,,,,,,,,,,,,,,,,,,,,,,,,,,,,,,,
# Units: kilotonne per PJ fuel input,,,,,,,,,,,,,,,,,,,,,,,,,,,,,,,,,,,,,,,,,,,,,,,,,,,,,,,,,,,,,,,,,,,,,,,,,
state_name,fuel,2015_NOx,2017_NOx,2018_NOx,2020_NOx,2025_NOx,2030_NOx,2040_NOx,2050_NOx,2015_SO2,2017_SO2,2018_SO2,2020_SO2,2025_SO2,2030_SO2,2040_SO2,2050_SO2,2015_PM10,2017_PM10,2018_PM10,2020_PM10,2025_PM10,2030_PM10,2040_PM10,2050_PM10,2015_PM2.5,2017_PM2.5,2018_PM2.5,2020_PM2.5,2025_PM2.5,2030_PM2.5,2040_PM2.5,2050_PM2.5,2015_NMVOC,2017_NMVOC,2018_NMVOC,2020_NMVOC,2025_NMVOC,2030_NMVOC,2040_NMVOC,2050_NMVOC,2015_CO,2017_CO,2018_CO,2020_CO,2025_CO,2030_CO,2040_CO,2050_CO,2015_NH3,2017_NH3,2018_NH3,2020_NH3,2025_NH3,2030_NH3,2040_NH3,2050_NH3,2015_BC,2016_BC,2018_BC,2020_BC,2025_BC,2030_BC,2040_BC,2050_BC,2015_OC,2016_OC,2018_OC,2020_OC,2025_OC,2030_OC,2040_OC,2050_OC
Alabama,biomass,0.096673723,0.096673723,0.096673723,0.096904022,0.097479772,0.097479772,0.097479772,0.097479772,0.359175919,0.359175919,0.359175919,0.358891982,0.358182138,0.358182138,0.358182138,0.358182138,0.008699322,0.008699322,0.008699322,0.008704367,0.008716981,0.008716981,0.008716981,0.008716981,0.008638704,0.008638704,0.008638704,0.00864398,0.008657169,0.008657169,0.008657169,0.008657169,0.007503551,0.007503551,0.007503551,0.007503551,0.007503551,0.007503551,0.007503551,0.007503551,0.26854815,0.26854815,0.26854815,0.26854815,0.26854815,0.26854815,0.26854815,0.26854815,0.003554314,0.003554314,0.003554314,0.003554314,0.003554314,0.003554314,0.003554314,0.003554314,0.000431935,0.000431935,0.000431935,0.000432199,0.000432858,0.000432858,0.000432858,0.000432858,0.001727741,0.001727741,0.001727741,0.001728796,0.001731434,0.001731434,0.001731434,0.001731434
Alabama,coal,0.05675626,0.05675626,0.05675626,0.056919668,0.057328188,0.057328188,0.057328188,0.057328188,0.9395637,0.9395637,0.9395637,0.953611314,0.988729361,0.988729361,0.988729361,0.988729361,0.013705359,0.013705359,0.013705359,0.013715608,0.013741232,0.013741232,0.013741232,0.013741232,0.010379307,0.010379307,0.010379307,0.010384546,0.010397642,0.010397642,0.010397642,0.010397642,0.001408272,0.001408272,0.001408272,0.001407933,0.001407087,0.001407087,0.001407087,0.001407087,0.011735597,0.011735597,0.011735597,0.011732777,0.011725727,0.011725727,0.011725727,0.011725727,0.000704136,0.000704136,0.000704136,0.000703967,0.000703544,0.000703544,0.000703544,0.000703544,6.23E-05,6.23E-05,6.23E-05,6.23E-05,6.24E-05,6.24E-05,6.24E-05,6.24E-05,0,0,0,0,0,0,0,0
Alabama,gas,0.005436964,0.005436964,0.005436964,0.005812969,0.006752981,0.006752981,0.006752981,0.006752981,,,,,,,,,0.000146895,0.000146895,0.000146895,0.000146952,0.000147094,0.000147094,0.000147094,0.000147094,9.00E-05,9.00E-05,9.00E-05,9.01E-05,9.03E-05,9.03E-05,9.03E-05,9.03E-05,0.000971883,0.000971883,0.000971883,0.000972782,0.000975029,0.000975029,0.000975029,0.000975029,0.038875307,0.038875307,0.038875307,0.038875307,0.038875307,0.038875307,0.038875307,0.038875307,0.003035976,0.003035976,0.003035976,0.003035088,0.003032867,0.003032867,0.003032867,0.003032867,5.40E-06,5.40E-06,5.40E-06,5.41E-06,5.42E-06,5.42E-06,5.42E-06,5.42E-06,4.50E-05,4.50E-05,4.50E-05,4.50E-05,4.51E-05,4.51E-05,4.51E-05,4.51E-05
Arizona,biomass,0.296238235,0.156594684,0.086772908,0.086772908,0.086772908,0.086772908,0.086772908,0.086772908,0.295384696,0.295384696,0.295384696,0.295384689,0.295384684,0.295384684,0.295384684,0.295384684,0.009307627,0.009307627,0.009307627,0.009307627,0.009307627,0.009307627,0.009307627,0.009307627,0.009210191,0.009210191,0.009210191,0.009210191,0.009210191,0.009210191,0.009210191,0.009210191,0.007503551,0.007503551,0.007503551,0.007503551,0.007503551,0.007503551,0.007503551,0.007503551,0.26854815,0.26854815,0.26854815,0.26854815,0.26854815,0.26854815,0.26854815,0.26854815,0.003554314,0.003554314,0.003554314,0.003554314,0.003554314,0.003554314,0.003554314,0.003554314,0.00046051,0.00046051,0.00046051,0.00046051,0.00046051,0.00046051,0.00046051,0.00046051,0.001842038,0.001842038,0.001842038,0.001842038,0.001842038,0.001842038,0.001842038,0.001842038
Arizona,coal,0.166782176,0.088999272,0.05010782,0.05010782,0.05010782,0.05010782,0.05010782,0.05010782,0.692113394,0.692113394,0.692113394,0.692113394,0.692113394,0.692113394,0.692113394,0.692113394,0.023783634,0.023783634,0.023783634,0.023783634,0.023783634,0.023783634,0.023783634,0.023783634,0.016109486,0.016109486,0.016109486,0.016109486,0.016109486,0.016109486,0.016109486,0.016109486,0.001492309,0.001492309,0.001492309,0.001492309,0.001492309,0.001492309,0.001492309,0.001492309,0.012435906,0.012435906,0.012435906,0.012435906,0.012435906,0.012435906,0.012435906,0.012435906,0.000746154,0.000746154,0.000746154,0.000746154,0.000746154,0.000746154,0.000746154,0.000746154,9.67E-05,9.67E-05,9.67E-05,9.67E-05,9.67E-05,9.67E-05,9.67E-05,9.67E-05,0,0,0,0,0,0,0,0
Arizona,gas,0.015841415,0.015841415,0.015841415,0.015569587,0.014890016,0.014890016,0.014890016,0.014890016,,,,,,,,,0.000148747,0.000148747,0.000148747,0.000148218,0.000146895,0.000146895,0.000146895,0.000146895,9.21E-05,9.21E-05,9.21E-05,9.15E-05,9.00E-05,9.00E-05,9.00E-05,9.00E-05,0.00100116,0.00100116,0.00100116,0.000992795,0.000971883,0.000971883,0.000971883,0.000971883,0.038875307,0.038875307,0.038875307,0.038875307,0.038875307,0.038875307,0.038875307,0.038875307,0.003007044,0.003007044,0.003007044,0.00301531,0.003035976,0.003035976,0.003035976,0.003035976,5.53E-06,5.53E-06,5.53E-06,5.49E-06,5.40E-06,5.40E-06,5.40E-06,5.40E-06,4.61E-05,4.61E-05,4.61E-05,4.58E-05,4.50E-05,4.50E-05,4.50E-05,4.50E-05
Arkansas,biomass,0.112188339,0.112188339,0.112188339,0.097276439,0.059996689,0.059996689,0.059996689,0.059996689,0.317548435,0.317548435,0.317548435,0.349653242,0.273317764,0.273317764,0.273317764,0.273317764,0.005578979,0.005578979,0.005578979,0.005641097,0.005796391,0.005796391,0.005796391,0.005796391,0.005538394,0.005538394,0.005538394,0.005576114,0.005670413,0.005670413,0.005670413,0.005670413,0.007503551,0.007503551,0.007503551,0.007503551,0.007503551,0.007503551,0.007503551,0.007503551,0.26854815,0.26854815,0.26854815,0.26854815,0.26854815,0.26854815,0.26854815,0.26854815,0.003554314,0.003554314,0.003554314,0.003554314,0.003554314,0.003554314,0.003554314,0.003554314,0.00027692,0.00027692,0.00027692,0.000278806,0.000283521,0.000283521,0.000283521,0.000283521,0.001107679,0.001107679,0.001107679,0.001115223,0.001134083,0.001134083,0.001134083,0.001134083
Arkansas,coal,0.060986699,0.060986699,0.060986699,0.061049527,0.061206599,0.061206599,0.061206599,0.061206599,0.659274787,0.659274787,0.659274787,0.659388899,0.659684952,0.659684952,0.659684952,0.659684952,0.005869162,0.005869162,0.005869162,0.005888493,0.005936823,0.005936823,0.005936823,0.005936823,0.005359971,0.005359971,0.005359971,0.005374166,0.005409653,0.005409653,0.005409653,0.005409653,0.001542514,0.001542514,0.001542514,0.001543469,0.001545856,0.001545856,0.001545856,0.001545856,0.013342019,0.013342019,0.013342019,0.013342019,0.013342019,0.013342019,0.013342019,0.013342019,0.000800521,0.000800521,0.000800521,0.000800521,0.000800521,0.000800521,0.000800521,0.000800521,3.22E-05,3.22E-05,3.22E-05,3.22E-05,3.25E-05,3.25E-05,3.25E-05,3.25E-05,0,0,0,0,0,0,0,0
Arkansas,gas,0.014123608,0.013594726,0.013330284,0.013668644,0.014514543,0.014514543,0.014514543,0.014514543,,,,,,,,,0.000150047,0.000149391,0.000149063,0.000149031,0.000148952,0.000148952,0.000148952,0.000148952,9.36E-05,9.29E-05,9.25E-05,9.25E-05,9.24E-05,9.24E-05,9.24E-05,9.24E-05,0.001021726,0.001011348,0.001006159,0.001005661,0.001004415,0.001004415,0.001004415,0.001004415,0.038875307,0.038875307,0.038875307,0.038875307,0.038875307,0.038875307,0.038875307,0.038875307,0.00298672,0.002996975,0.003002103,0.003002595,0.003003827,0.003003827,0.003003827,0.003003827,5.62E-06,5.57E-06,5.55E-06,5.55E-06,5.54E-06,5.54E-06,5.54E-06,5.54E-06,4.68E-05,4.64E-05,4.63E-05,4.62E-05,4.62E-05,4.62E-05,4.62E-05,4.62E-05
California,biomass,0.119122253,0.119122253,0.119122253,0.119113137,0.119090347,0.119090347,0.119090347,0.119090347,0.443714378,0.443714378,0.443714378,0.418796855,0.392879295,0.392879295,0.392879295,0.392879295,0.009857297,0.009857297,0.009857297,0.009857297,0.009857297,0.009857297,0.009857297,0.009857297,0.009604546,0.009604546,0.009604546,0.009604546,0.009604546,0.009604546,0.009604546,0.009604546,0.007503551,0.007503551,0.007503551,0.007503551,0.007503551,0.007503551,0.007503551,0.007503551,0.26854815,0.26854815,0.26854815,0.26854815,0.26854815,0.26854815,0.26854815,0.26854815,0.003554314,0.003554314,0.003554314,0.003554314,0.003554314,0.003554314,0.003554314,0.003554314,0.000480227,0.000480227,0.000480227,0.000480227,0.000480227,0.000480227,0.000480227,0.000480227,0.001920909,0.001920909,0.001920909,0.001920909,0.001920909,0.001920909,0.001920909,0.001920909
California,coal,0.116731072,0.116731072,0.116731072,0.116731072,0.116731072,0.116731072,0.116731072,0.116731072,0.138347661,0.138347661,0.138347661,0.138347661,0.138347661,0.138347661,0.138347661,0.138347661,0.014815119,0.014815119,0.014815119,0.014815119,0.014815119,0.014815119,0.014815119,0.014815119,0.011676779,0.011676779,0.011676779,0.011676779,0.011676779,0.011676779,0.011676779,0.011676779,0.001222464,0.001222464,0.001222464,0.001222464,0.001222464,0.001222464,0.001222464,0.001222464,0.010187199,0.010187199,0.010187199,0.010187199,0.010187199,0.010187199,0.010187199,0.010187199,0.000611232,0.000611232,0.000611232,0.000611232,0.000611232,0.000611232,0.000611232,0.000611232,7.01E-05,7.01E-05,7.01E-05,7.01E-05,7.01E-05,7.01E-05,7.01E-05,7.01E-05,0,0,0,0,0,0,0,0
California,gas,0.004297363,0.00429651,0.004296083,0.004304084,0.004324087,0.004324087,0.004324087,0.004324087,0.225389684,0.226114233,0.226476581,0.197389114,0.184242774,0.184242774,0.184242774,0.184242774,0.000149319,0.000149284,0.000149267,0.000148615,0.000146985,0.000146985,0.000146985,0.000146985,9.28E-05,9.28E-05,9.27E-05,9.20E-05,9.01E-05,9.01E-05,9.01E-05,9.01E-05,0.001010211,0.001009662,0.001009388,0.00099908,0.000973312,0.000973312,0.000973312,0.000973312,0.038875307,0.038875307,0.038875307,0.038875307,0.038875307,0.038875307,0.038875307,0.038875307,0.002998099,0.002998641,0.002998913,0.003009099,0.003034564,0.003034564,0.003034564,0.003034564,5.57E-06,5.57E-06,5.56E-06,5.52E-06,5.41E-06,5.41E-06,5.41E-06,5.41E-06,4.64E-05,4.64E-05,4.64E-05,4.60E-05,4.51E-05,4.51E-05,4.51E-05,4.51E-05
Colorado,biomass,0.020202351,0.020202351,0.020202351,0.02275745,0.0291452,0.0291452,0.0291452,0.0291452,0.35572663,0.35572663,0.35572663,0.351394991,0.336171399,0.336171399,0.336171399,0.336171399,0.009361567,0.009361567,0.009361567,0.00936443,0.009371586,0.009371586,0.009371586,0.009371586,0.009135936,0.009135936,0.009135936,0.00914645,0.009172734,0.009172734,0.009172734,0.009172734,0.007503551,0.007503551,0.007503551,0.007503551,0.007503551,0.007503551,0.007503551,0.007503551,0.26854815,0.26854815,0.26854815,0.26854815,0.26854815,0.26854815,0.26854815,0.26854815,0.003554314,0.003554314,0.003554314,0.003554314,0.003554314,0.003554314,0.003554314,0.003554314,0.000456797,0.000456797,0.000456797,0.000457322,0.000458637,0.000458637,0.000458637,0.000458637,0.001827187,0.001827187,0.001827187,0.00182929,0.001834547,0.001834547,0.001834547,0.001834547
Colorado,coal,0.098158732,0.080934562,0.072322478,0.070039249,0.064331178,0.064331178,0.064331178,0.064331178,0.411555236,0.411183629,0.419978419,0.419441695,0.418998856,0.418998856,0.418998856,0.418998856,0.010528402,0.00998461,0.009712714,0.009709469,0.009701358,0.009701358,0.009701358,0.009701358,0.008955099,0.008417995,0.008149443,0.008147031,0.008141,0.008141,0.008141,0.008141,0.001373038,0.001418679,0.0014415,0.001441657,0.001442051,0.001442051,0.001442051,0.001442051,0.017992509,0.020358443,0.02154141,0.021300994,0.020699953,0.020699953,0.020699953,0.020699953,0.000688381,0.000711767,0.00072346,0.00072347,0.000723494,0.000723494,0.000723494,0.000723494,5.37E-05,5.05E-05,4.89E-05,4.89E-05,4.88E-05,4.88E-05,4.88E-05,4.88E-05,0,0,0,0,0,0,0,0
Colorado,gas,0.025525373,0.025525373,0.025525373,0.025746248,0.026298433,0.026298433,0.026298433,0.026298433,,,,,,,,,0.000146895,0.000146895,0.000146895,0.000146895,0.000146895,0.000146895,0.000146895,0.000146895,9.00E-05,9.00E-05,9.00E-05,9.00E-05,9.00E-05,9.00E-05,9.00E-05,9.00E-05,0.000971883,0.000971883,0.000971883,0.000971883,0.000971883,0.000971883,0.000971883,0.000971883,0.038875307,0.038875307,0.038875307,0.038875307,0.038875307,0.038875307,0.038875307,0.038875307,0.003035976,0.003035976,0.003035976,0.003035976,0.003035976,0.003035976,0.003035976,0.003035976,5.40E-06,5.40E-06,5.40E-06,5.40E-06,5.40E-06,5.40E-06,5.40E-06,5.40E-06,4.50E-05,4.50E-05,4.50E-05,4.50E-05,4.50E-05,4.50E-05,4.50E-05,4.50E-05
Connecticut,biomass,0.00947817,0.00947817,0.00947817,0.00947817,0.009478169,0.009478169,0.009478169,0.009478169,0.379126843,0.379126843,0.379126843,0.379126843,0.379126843,0.379126843,0.379126843,0.379126843,0.009857297,0.009857297,0.009857297,0.009857297,0.009857297,0.009857297,0.009857297,0.009857297,0.009604546,0.009604546,0.009604546,0.009604546,0.009604546,0.009604546,0.009604546,0.009604546,0.007503551,0.007503551,0.007503551,0.007503551,0.007503551,0.007503551,0.007503551,0.007503551,0.26854815,0.26854815,0.26854815,0.26854815,0.26854815,0.26854815,0.26854815,0.26854815,0.003554314,0.003554314,0.003554314,0.003554314,0.003554314,0.003554314,0.003554314,0.003554314,0.000480227,0.000480227,0.000480227,0.000480227,0.000480227,0.000480227,0.000480227,0.000480227,0.001920909,0.001920909,0.001920909,0.001920909,0.001920909,0.001920909,0.001920909,0.001920909
Connecticut,gas,0.008091879,0.008091879,0.008091879,0.007990256,0.007736197,0.007736197,0.007736197,0.007736197,,,,,,,,,0.000147632,0.000147632,0.000147632,0.000147422,0.000146895,0.000146895,0.000146895,0.000146895,9.09E-05,9.09E-05,9.09E-05,9.06E-05,9.00E-05,9.00E-05,9.00E-05,9.00E-05,0.000983539,0.000983539,0.000983539,0.000980209,0.000971883,0.000971883,0.000971883,0.000971883,0.038875307,0.038875307,0.038875307,0.038875307,0.038875307,0.038875307,0.038875307,0.038875307,0.003024457,0.003024457,0.003024457,0.003027748,0.003035976,0.003035976,0.003035976,0.003035976,5.45E-06,5.45E-06,5.45E-06,5.44E-06,5.40E-06,5.40E-06,5.40E-06,5.40E-06,4.54E-05,4.54E-05,4.54E-05,4.53E-05,4.50E-05,4.50E-05,4.50E-05,4.50E-05
Delaware,gas,0.023007266,0.023007266,0.023007266,0.023101753,0.023337971,0.023337971,0.023337971,0.023337971,,,,,,,,,0.00015093,0.00015093,0.00015093,0.000150914,0.000150876,0.000150876,0.000150876,0.000150876,9.46E-05,9.46E-05,9.46E-05,9.46E-05,9.46E-05,9.46E-05,9.46E-05,9.46E-05,0.00103568,0.00103568,0.00103568,0.001035438,0.001034833,0.001034833,0.001034833,0.001034833,0.038875307,0.038875307,0.038875307,0.038875307,0.038875307,0.038875307,0.038875307,0.038875307,0.002972929,0.002972929,0.002972929,0.002973169,0.002973767,0.002973767,0.002973767,0.002973767,5.68E-06,5.68E-06,5.68E-06,5.68E-06,5.67E-06,5.67E-06,5.67E-06,5.67E-06,4.73E-05,4.73E-05,4.73E-05,4.73E-05,4.73E-05,4.73E-05,4.73E-05,4.73E-05
District of Columbia,gas,0.017822096,0.017822096,0.017822096,0.017841307,0.017889334,0.017889334,0.017889334,0.017889334,2.23E-06,2.23E-06,2.23E-06,2.33E-06,2.48E-06,2.48E-06,2.48E-06,2.48E-06,0.000147086,0.000147086,0.000147086,0.000147031,0.000146895,0.000146895,0.000146895,0.000146895,9.03E-05,9.03E-05,9.03E-05,9.02E-05,9.00E-05,9.00E-05,9.00E-05,9.00E-05,0.000974899,0.000974899,0.000974899,0.000974038,0.000971883,0.000971883,0.000971883,0.000971883,0.038875307,0.038875307,0.038875307,0.038875307,0.038875307,0.038875307,0.038875307,0.038875307,0.003032995,0.003032995,0.003032995,0.003033847,0.003035976,0.003035976,0.003035976,0.003035976,5.42E-06,5.42E-06,5.42E-06,5.41E-06,5.40E-06,5.40E-06,5.40E-06,5.40E-06,4.51E-05,4.51E-05,4.51E-05,4.51E-05,4.50E-05,4.50E-05,4.50E-05,4.50E-05
Florida,biomass,0.12389068,0.12389068,0.12389068,0.123272343,0.121726501,0.121726501,0.121726501,0.121726501,0.554411355,0.554411355,0.554411355,0.553342234,0.556717429,0.556717429,0.556717429,0.556717429,0.009433774,0.009433774,0.009433774,0.009427716,0.009412569,0.009412569,0.009412569,0.009412569,0.009270488,0.009270488,0.009270488,0.009265127,0.009251725,0.009251725,0.009251725,0.009251725,0.007503551,0.007503551,0.007503551,0.007503551,0.007503551,0.007503551,0.007503551,0.007503551,0.26854815,0.26854815,0.26854815,0.26854815,0.26854815,0.26854815,0.26854815,0.26854815,0.003554314,0.003554314,0.003554314,0.003554314,0.003554314,0.003554314,0.003554314,0.003554314,0.000463524,0.000463524,0.000463524,0.000463256,0.000462586,0.000462586,0.000462586,0.000462586,0.001854098,0.001854098,0.001854098,0.001853025,0.001850345,0.001850345,0.001850345,0.001850345
Florida,coal,0.071054172,0.071054172,0.071054172,0.071083789,0.071157833,0.071157833,0.071157833,0.071157833,0.135545298,0.135545298,0.135545298,0.133393932,0.128274984,0.128274984,0.128274984,0.128274984,0.025723046,0.025723046,0.025723046,0.02570674,0.025665976,0.025665976,0.025665976,0.025665976,0.016283581,0.016283581,0.016283581,0.016278832,0.016266961,0.016266961,0.016266961,0.016266961,0.001150359,0.001150359,0.001150359,0.001151109,0.001152983,0.001152983,0.001152983,0.001152983,0.020833883,0.020833883,0.020833883,0.020930037,0.021170423,0.021170423,0.021170423,0.021170423,0.000611232,0.000611232,0.000611232,0.000611232,0.000611232,0.000611232,0.000611232,0.000611232,9.77E-05,9.77E-05,9.77E-05,9.77E-05,9.76E-05,9.76E-05,9.76E-05,9.76E-05,0,0,0,0,0,0,0,0
Florida,gas,0.015026784,0.015026784,0.015026784,0.014701928,0.013889788,0.013889788,0.013889788,0.013889788,,,,,,,,,0.000153858,0.000153858,0.000153858,0.000153368,0.000152144,0.000152144,0.000152144,0.000152144,9.80E-05,9.80E-05,9.80E-05,9.74E-05,9.60E-05,9.60E-05,9.60E-05,9.60E-05,0.001081989,0.001081989,0.001081989,0.001074242,0.001054876,0.001054876,0.001054876,0.001054876,0.038875307,0.038875307,0.038875307,0.038875307,0.038875307,0.038875307,0.038875307,0.038875307,0.002927166,0.002927166,0.002927166,0.002934821,0.002953959,0.002953959,0.002953959,0.002953959,5.88E-06,5.88E-06,5.88E-06,5.85E-06,5.76E-06,5.76E-06,5.76E-06,5.76E-06,4.90E-05,4.90E-05,4.90E-05,4.87E-05,4.80E-05,4.80E-05,4.80E-05,4.80E-05
Florida,oil,0.049147746,0.049147746,0.049147746,0.07575953,0.142288989,0.142288989,0.142288989,0.142288989,,,,,,,,,0.005472613,0.005472613,0.005472613,0.005472613,0.005472613,0.005472613,0.005472613,0.005472613,0.005472613,0.005472613,0.005472613,0.005472613,0.005472613,0.005472613,0.005472613,0.005472613,0.000206047,0.000206047,0.000206047,0.000206047,0.000206047,0.000206047,0.000206047,0.000206047,0.001579695,0.001579695,0.001579695,0.001579695,0.001579695,0.001579695,0.001579695,0.001579695,0.022733872,0.022733872,0.022733872,0.022733872,0.022733872,0.022733872,0.022733872,0.022733872,0.001641784,0.001641784,0.001641784,0.001641784,0.001641784,0.001641784,0.001641784,0.001641784,0.000492535,0.000492535,0.000492535,0.000492535,0.000492535,0.000492535,0.000492535,0.000492535
Georgia,biomass,0.029083795,0.029083795,0.029083795,0.026140691,0.018782932,0.018782932,0.018782932,0.018782932,0.333795259,0.333795259,0.333795259,0.34113846,0.359496483,0.359496483,0.359496483,0.359496483,0.008873433,0.008873433,0.008873433,0.009036734,0.009444985,0.009444985,0.009444985,0.009444985,0.008741566,0.008741566,0.008741566,0.008885285,0.009244581,0.009244581,0.009244581,0.009244581,0.007503551,0.007503551,0.007503551,0.007503551,0.007503551,0.007503551,0.007503551,0.007503551,0.26854815,0.26854815,0.26854815,0.26854815,0.26854815,0.26854815,0.26854815,0.26854815,0.003554314,0.003554314,0.003554314,0.003554314,0.003554314,0.003554314,0.003554314,0.003554314,0.000437078,0.000437078,0.000437078,0.000444264,0.000462229,0.000462229,0.000462229,0.000462229,0.001748313,0.001748313,0.001748313,0.001777057,0.001848916,0.001848916,0.001848916,0.001848916
Georgia,coal,0.048160398,0.048160398,0.048160398,0.048260434,0.048510525,0.048510525,0.048510525,0.048510525,0.556298747,0.556298747,0.556298747,0.551365298,0.539313693,0.539313693,0.539313693,0.539313693,0.015318224,0.015318224,0.015318224,0.01537325,0.015510814,0.015510814,0.015510814,0.015510814,0.012547272,0.012547272,0.012547272,0.012587887,0.012689426,0.012689426,0.012689426,0.012689426,0.001222464,0.001222464,0.001222464,0.001222464,0.001222464,0.001222464,0.001222464,0.001222464,0.010187199,0.010187199,0.010187199,0.010187199,0.010187199,0.010187199,0.010187199,0.010187199,0.000611232,0.000611232,0.000611232,0.000611232,0.000611232,0.000611232,0.000611232,0.000611232,7.53E-05,7.53E-05,7.53E-05,7.55E-05,7.61E-05,7.61E-05,7.61E-05,7.61E-05,0,0,0,0,0,0,0,0
Georgia,gas,0.005620007,0.005620007,0.005620007,0.00687146,0.010000093,0.010000093,0.010000093,0.010000093,,,,,,,,,0.000146895,0.000146895,0.000146895,0.000147937,0.000150543,0.000150543,0.000150543,0.000150543,9.00E-05,9.00E-05,9.00E-05,9.12E-05,9.42E-05,9.42E-05,9.42E-05,9.42E-05,0.000971883,0.000971883,0.000971883,0.000988362,0.001029562,0.001029562,0.001029562,0.001029562,0.038875307,0.038875307,0.038875307,0.038584486,0.037857436,0.037857436,0.037857436,0.037857436,0.003035976,0.003035976,0.003035976,0.00301969,0.002978976,0.002978976,0.002978976,0.002978976,5.40E-06,5.40E-06,5.40E-06,5.47E-06,5.65E-06,5.65E-06,5.65E-06,5.65E-06,4.50E-05,4.50E-05,4.50E-05,4.56E-05,4.71E-05,4.71E-05,4.71E-05,4.71E-05
Idaho,biomass,0.160761948,0.160761948,0.160761948,0.160139991,0.158585098,0.158585098,0.158585098,0.158585098,0.569696486,0.569696486,0.569696486,0.558799366,0.553373658,0.553373658,0.553373658,0.553373658,0.009857297,0.009857297,0.009857297,0.009857297,0.009857297,0.009857297,0.009857297,0.009857297,0.009604546,0.009604546,0.009604546,0.009604546,0.009604546,0.009604546,0.009604546,0.009604546,0.007503551,0.007503551,0.007503551,0.007503551,0.007503551,0.007503551,0.007503551,0.007503551,0.26854815,0.26854815,0.26854815,0.26854815,0.26854815,0.26854815,0.26854815,0.26854815,0.003554314,0.003554314,0.003554314,0.003554314,0.003554314,0.003554314,0.003554314,0.003554314,0.000480227,0.000480227,0.000480227,0.000480227,0.000480227,0.000480227,0.000480227,0.000480227,0.001920909,0.001920909,0.001920909,0.001920909,0.001920909,0.001920909,0.001920909,0.001920909
Idaho,gas,0.011111266,0.011111266,0.011111266,0.012483105,0.015912701,0.015912701,0.015912701,0.015912701,,,,,,,,,0.000146895,0.000146895,0.000146895,0.000146895,0.000146895,0.000146895,0.000146895,0.000146895,9.00E-05,9.00E-05,9.00E-05,9.00E-05,9.00E-05,9.00E-05,9.00E-05,9.00E-05,0.000971883,0.000971883,0.000971883,0.000971883,0.000971883,0.000971883,0.000971883,0.000971883,0.038875307,0.038875307,0.038875307,0.038875307,0.038875307,0.038875307,0.038875307,0.038875307,0.003035976,0.003035976,0.003035976,0.003035976,0.003035976,0.003035976,0.003035976,0.003035976,5.40E-06,5.40E-06,5.40E-06,5.40E-06,5.40E-06,5.40E-06,5.40E-06,5.40E-06,4.50E-05,4.50E-05,4.50E-05,4.50E-05,4.50E-05,4.50E-05,4.50E-05,4.50E-05
Illinois,biomass,0.02723101,0.02723101,0.02723101,0.028928644,0.033172729,0.033172729,0.033172729,0.033172729,0.297687957,0.297687957,0.297687957,0.351421293,0.375798536,0.375798536,0.375798536,0.375798536,0.009470182,0.009470182,0.009470182,0.009548054,0.009742735,0.009742735,0.009742735,0.009742735,0.009343612,0.009343612,0.009343612,0.009432699,0.009655417,0.009655417,0.009655417,0.009655417,0.007503551,0.007503551,0.007503551,0.007503551,0.007503551,0.007503551,0.007503551,0.007503551,0.26854815,0.26854815,0.26854815,0.26854815,0.26854815,0.26854815,0.26854815,0.26854815,0.003554314,0.003554314,0.003554314,0.003554314,0.003554314,0.003554314,0.003554314,0.003554314,0.000467181,0.000467181,0.000467181,0.000471635,0.000482771,0.000482771,0.000482771,0.000482771,0.001868722,0.001868722,0.001868722,0.00188654,0.001931083,0.001931083,0.001931083,0.001931083
Illinois,coal,0.036274162,0.036274162,0.036274162,0.036221139,0.036088582,0.036088582,0.036088582,0.036088582,0.572688986,0.572688986,0.572688986,0.579127867,0.595425288,0.595425288,0.595425288,0.595425288,0.009149835,0.009149835,0.009149835,0.009179026,0.009252003,0.009252003,0.009252003,0.009252003,0.007780564,0.007780564,0.007780564,0.007803328,0.007860239,0.007860239,0.007860239,0.007860239,0.002073742,0.002073742,0.002073742,0.002073829,0.002074047,0.002074047,0.002074047,0.002074047,0.016853719,0.016853719,0.016853719,0.016869449,0.016908773,0.016908773,0.016908773,0.016908773,0.000737913,0.000737913,0.000737913,0.000737589,0.00073678,0.00073678,0.00073678,0.00073678,4.67E-05,4.67E-05,4.67E-05,4.68E-05,4.72E-05,4.72E-05,4.72E-05,4.72E-05,0,0,0,0,0,0,0,0
Illinois,gas,0.024549317,0.024549317,0.024549317,0.025902636,0.029285935,0.029285935,0.029285935,0.029285935,0.621434643,0.621434643,0.621434643,0.677959227,0.576927695,0.576927695,0.576927695,0.576927695,0.000146895,0.000146895,0.000146895,0.000146895,0.000146895,0.000146895,0.000146895,0.000146895,9.00E-05,9.00E-05,9.00E-05,9.00E-05,9.00E-05,9.00E-05,9.00E-05,9.00E-05,0.000971883,0.000971883,0.000971883,0.000971883,0.000971883,0.000971883,0.000971883,0.000971883,0.038875307,0.038875307,0.038875307,0.038875307,0.038875307,0.038875307,0.038875307,0.038875307,0.003035976,0.003035976,0.003035976,0.003035976,0.003035976,0.003035976,0.003035976,0.003035976,5.40E-06,5.40E-06,5.40E-06,5.40E-06,5.40E-06,5.40E-06,5.40E-06,5.40E-06,4.50E-05,4.50E-05,4.50E-05,4.50E-05,4.50E-05,4.50E-05,4.50E-05,4.50E-05
Indiana,biomass,0.058484387,0.058484387,0.058484387,0.058564275,0.058763995,0.058763995,0.058763995,0.058763995,0.325469284,0.325469284,0.325469284,0.324888141,0.323591174,0.323591174,0.323591174,0.323591174,0.00881624,0.00881624,0.00881624,0.008856667,0.008957733,0.008957733,0.008957733,0.008957733,0.008803441,0.008803441,0.008803441,0.008844027,0.008945492,0.008945492,0.008945492,0.008945492,0.007503551,0.007503551,0.007503551,0.007503551,0.007503551,0.007503551,0.007503551,0.007503551,0.26854815,0.26854815,0.26854815,0.26854815,0.26854815,0.26854815,0.26854815,0.26854815,0.003554314,0.003554314,0.003554314,0.003554314,0.003554314,0.003554314,0.003554314,0.003554314,0.000440172,0.000440172,0.000440172,0.000442201,0.000447275,0.000447275,0.000447275,0.000447275,0.001760688,0.001760688,0.001760688,0.001768805,0.001789098,0.001789098,0.001789098,0.001789098
Indiana,coal,0.087541852,0.087541852,0.087541852,0.087265833,0.086575785,0.086575785,0.086575785,0.086575785,0.197964667,0.197964667,0.197964667,0.111695629,0.116665863,0.116665863,0.116665863,0.116665863,0.021661908,0.021661908,0.021661908,0.021726706,0.021888702,0.021888702,0.021888702,0.021888702,0.015023018,0.015023018,0.015023018,0.015046197,0.015104145,0.015104145,0.015104145,0.015104145,0.001276237,0.001276237,0.001276237,0.001275329,0.00127306,0.00127306,0.00127306,0.00127306,0.010852149,0.010852149,0.010852149,0.010847763,0.010836798,0.010836798,0.010836798,0.010836798,0.000620398,0.000620398,0.000620398,0.000620318,0.000620116,0.000620116,0.000620116,0.000620116,9.01E-05,9.01E-05,9.01E-05,9.03E-05,9.06E-05,9.06E-05,9.06E-05,9.06E-05,0,0,0,0,0,0,0,0
Indiana,gas,0.012756451,0.012756451,0.012756451,0.012286913,0.011113067,0.011113067,0.011113067,0.011113067,,,,,,,,,0.000147762,0.000147762,0.000147762,0.000147515,0.000146895,0.000146895,0.000146895,0.000146895,9.10E-05,9.10E-05,9.10E-05,9.07E-05,9.00E-05,9.00E-05,9.00E-05,9.00E-05,0.000985597,0.000985597,0.000985597,0.000981678,0.000971883,0.000971883,0.000971883,0.000971883,0.038875307,0.038875307,0.038875307,0.038875307,0.038875307,0.038875307,0.038875307,0.038875307,0.003022424,0.003022424,0.003022424,0.003026296,0.003035976,0.003035976,0.003035976,0.003035976,5.46E-06,5.46E-06,5.46E-06,5.44E-06,5.40E-06,5.40E-06,5.40E-06,5.40E-06,4.55E-05,4.55E-05,4.55E-05,4.54E-05,4.50E-05,4.50E-05,4.50E-05,4.50E-05
Iowa,biomass,0.085557097,0.085557097,0.085557097,0.085724992,0.086144731,0.086144731,0.086144731,0.086144731,0.375127946,0.375127946,0.375127946,0.37493783,0.374462539,0.374462539,0.374462539,0.374462539,0.009857297,0.009857297,0.009857297,0.009857297,0.009857297,0.009857297,0.009857297,0.009857297,0.009604546,0.009604546,0.009604546,0.009604546,0.009604546,0.009604546,0.009604546,0.009604546,0.007503551,0.007503551,0.007503551,0.007503551,0.007503551,0.007503551,0.007503551,0.007503551,0.26854815,0.26854815,0.26854815,0.26854815,0.26854815,0.26854815,0.26854815,0.26854815,0.003554314,0.003554314,0.003554314,0.003554314,0.003554314,0.003554314,0.003554314,0.003554314,0.000480227,0.000480227,0.000480227,0.000480227,0.000480227,0.000480227,0.000480227,0.000480227,0.001920909,0.001920909,0.001920909,0.001920909,0.001920909,0.001920909,0.001920909,0.001920909
Iowa,coal,0.066931315,0.066931315,0.066931315,0.066925752,0.066911846,0.066911846,0.066911846,0.066911846,0.482185966,0.482185966,0.482185966,0.489786286,0.478153679,0.478153679,0.478153679,0.478153679,0.00897078,0.00897078,0.00897078,0.008973903,0.008981713,0.008981713,0.008981713,0.008981713,0.00742518,0.00742518,0.00742518,0.007426006,0.007428071,0.007428071,0.007428071,0.007428071,0.001591053,0.001591053,0.001591053,0.001591271,0.001591816,0.001591816,0.001591816,0.001591816,0.017009119,0.017009119,0.017009119,0.01699529,0.016960719,0.016960719,0.016960719,0.016960719,0.000797483,0.000797483,0.000797483,0.000797574,0.000797801,0.000797801,0.000797801,0.000797801,4.46E-05,4.46E-05,4.46E-05,4.46E-05,4.46E-05,4.46E-05,4.46E-05,4.46E-05,0,0,0,0,0,0,0,0
Iowa,gas,0.025966014,0.024214746,0.023339111,0.025279343,0.030129924,0.030129924,0.030129924,0.030129924,,,,,,,,,0.000148742,0.000147511,0.000146895,0.000146895,0.000146895,0.000146895,0.000146895,0.000146895,9.21E-05,9.07E-05,9.00E-05,9.00E-05,9.00E-05,9.00E-05,9.00E-05,9.00E-05,0.001001093,0.000981619,0.000971883,0.000971883,0.000971883,0.000971883,0.000971883,0.000971883,0.038875307,0.038875307,0.038875307,0.038875307,0.038875307,0.038875307,0.038875307,0.038875307,0.00300711,0.003026354,0.003035976,0.003035976,0.003035976,0.003035976,0.003035976,0.003035976,5.53E-06,5.44E-06,5.40E-06,5.40E-06,5.40E-06,5.40E-06,5.40E-06,5.40E-06,4.61E-05,4.54E-05,4.50E-05,4.50E-05,4.50E-05,4.50E-05,4.50E-05,4.50E-05
Kansas,biomass,0.009478171,0.009478171,0.009478171,0.009478171,0.009478171,0.009478171,0.009478171,0.009478171,0.379126771,0.379126771,0.379126771,0.379126771,0.379126771,0.379126771,0.379126771,0.379126771,0.009857297,0.009857297,0.009857297,0.009857297,0.009857297,0.009857297,0.009857297,0.009857297,0.009604546,0.009604546,0.009604546,0.009604546,0.009604546,0.009604546,0.009604546,0.009604546,0.007503551,0.007503551,0.007503551,0.007503551,0.007503551,0.007503551,0.007503551,0.007503551,0.26854815,0.26854815,0.26854815,0.26854815,0.26854815,0.26854815,0.26854815,0.26854815,0.003554314,0.003554314,0.003554314,0.003554314,0.003554314,0.003554314,0.003554314,0.003554314,0.000480227,0.000480227,0.000480227,0.000480227,0.000480227,0.000480227,0.000480227,0.000480227,0.001920909,0.001920909,0.001920909,0.001920909,0.001920909,0.001920909,0.001920909,0.001920909
Kansas,coal,0.05731397,0.05731397,0.05731397,0.05731397,0.05731397,0.05731397,0.05731397,0.05731397,0.351568939,0.351568939,0.351568939,0.351568939,0.351568939,0.351568939,0.351568939,0.351568939,0.009422749,0.009422749,0.009422749,0.009422749,0.009422749,0.009422749,0.009422749,0.009422749,0.007619098,0.007619098,0.007619098,0.007619098,0.007619098,0.007619098,0.007619098,0.007619098,0.001807458,0.001807458,0.001807458,0.001807458,0.001807458,0.001807458,0.001807458,0.001807458,0.013342019,0.013342019,0.013342019,0.013342019,0.013342019,0.013342019,0.013342019,0.013342019,0.000800521,0.000800521,0.000800521,0.000800521,0.000800521,0.000800521,0.000800521,0.000800521,4.57E-05,4.57E-05,4.57E-05,4.57E-05,4.57E-05,4.57E-05,4.57E-05,4.57E-05,0,0,0,0,0,0,0,0
Kansas,gas,0.085132348,0.085132348,0.085132348,0.076897024,0.056308716,0.056308716,0.056308716,0.056308716,,,,,,,,,0.000211098,0.000211098,0.000211098,0.000198987,0.000168709,0.000168709,0.000168709,0.000168709,0.000163407,0.000163407,0.000163407,0.000149566,0.000114962,0.000114962,0.000114962,0.000114962,0.001987112,0.001987112,0.001987112,0.001795599,0.001316816,0.001316816,0.001316816,0.001316816,0.038875307,0.038875307,0.038875307,0.038875307,0.038875307,0.038875307,0.038875307,0.038875307,0.002032691,0.002032691,0.002032691,0.002221951,0.002695101,0.002695101,0.002695101,0.002695101,9.80E-06,9.80E-06,9.80E-06,8.97E-06,6.90E-06,6.90E-06,6.90E-06,6.90E-06,8.17E-05,8.17E-05,8.17E-05,7.48E-05,5.75E-05,5.75E-05,5.75E-05,5.75E-05
Kentucky,biomass,0.071833031,0.071833031,0.071833031,0.0748984,0.082561824,0.082561824,0.082561824,0.082561824,0.289228663,0.289228663,0.289228663,0.288351962,0.285996528,0.285996528,0.285996528,0.285996528,0.00997752,0.00997752,0.00997752,0.009852079,0.009538476,0.009538476,0.009538476,0.009538476,0.009966466,0.009966466,0.009966466,0.009843116,0.009534739,0.009534739,0.009534739,0.009534739,0.007503551,0.007503551,0.007503551,0.007503551,0.007503551,0.007503551,0.007503551,0.007503551,0.26854815,0.26854815,0.26854815,0.26854815,0.26854815,0.26854815,0.26854815,0.26854815,0.003554314,0.003554314,0.003554314,0.003554314,0.003554314,0.003554314,0.003554314,0.003554314,0.000498323,0.000498323,0.000498323,0.000492156,0.000476737,0.000476737,0.000476737,0.000476737,0.001993293,0.001993293,0.001993293,0.001968623,0.001906948,0.001906948,0.001906948,0.001906948
Kentucky,coal,0.088467397,0.095107175,0.098427064,0.097698655,0.095877635,0.095877635,0.095877635,0.095877635,0.112659567,0.113681775,0.114219684,0.118835199,0.133739852,0.133739852,0.133739852,0.133739852,0.012083327,0.013708737,0.014521441,0.014489719,0.014410413,0.014410413,0.014410413,0.014410413,0.010583909,0.011243329,0.011573039,0.011527207,0.011412627,0.011412627,0.011412627,0.011412627,0.001824421,0.001425436,0.001225944,0.001225901,0.001225795,0.001225795,0.001225795,0.001225795,0.020124905,0.029638693,0.034395587,0.034041809,0.033157364,0.033157364,0.033157364,0.033157364,0.000611232,0.000611232,0.000611232,0.000611232,0.000611232,0.000611232,0.000611232,0.000611232,6.35E-05,6.75E-05,6.94E-05,6.92E-05,6.85E-05,6.85E-05,6.85E-05,6.85E-05,0,0,0,0,0,0,0,0
Kentucky,gas,0.022863349,0.022863349,0.022863349,0.02004993,0.013016382,0.013016382,0.013016382,0.013016382,,,,,,,,,0.000146895,0.000146895,0.000146895,0.000146895,0.000146895,0.000146895,0.000146895,0.000146895,9.00E-05,9.00E-05,9.00E-05,9.00E-05,9.00E-05,9.00E-05,9.00E-05,9.00E-05,0.000971883,0.000971883,0.000971883,0.000971883,0.000971883,0.000971883,0.000971883,0.000971883,0.038875307,0.038875307,0.038875307,0.038875307,0.038875307,0.038875307,0.038875307,0.038875307,0.003035976,0.003035976,0.003035976,0.003035976,0.003035976,0.003035976,0.003035976,0.003035976,5.40E-06,5.40E-06,5.40E-06,5.40E-06,5.40E-06,5.40E-06,5.40E-06,5.40E-06,4.50E-05,4.50E-05,4.50E-05,4.50E-05,4.50E-05,4.50E-05,4.50E-05,4.50E-05
Louisiana,biomass,0.062423074,0.062423074,0.062423074,0.062022113,0.061019712,0.061019712,0.061019712,0.061019712,0.283397572,0.283397572,0.283397572,0.284448869,0.287939318,0.287939318,0.287939318,0.287939318,0.006708927,0.006708927,0.006708927,0.006687666,0.006634514,0.006634514,0.006634514,0.006634514,0.006612738,0.006612738,0.006612738,0.006590574,0.006535166,0.006535166,0.006535166,0.006535166,0.007503551,0.007503551,0.007503551,0.007503551,0.007503551,0.007503551,0.007503551,0.007503551,0.26854815,0.26854815,0.26854815,0.26854815,0.26854815,0.26854815,0.26854815,0.26854815,0.003554314,0.003554314,0.003554314,0.003554314,0.003554314,0.003554314,0.003554314,0.003554314,0.000330637,0.000330637,0.000330637,0.000329529,0.000326758,0.000326758,0.000326758,0.000326758,0.001322548,0.001322548,0.001322548,0.001318115,0.001307033,0.001307033,0.001307033,0.001307033
Louisiana,coal,0.067624716,0.067624716,0.067624716,0.070522218,0.077765975,0.077765975,0.077765975,0.077765975,0.938512997,0.938512997,0.938512997,0.934141641,0.111782919,0.111782919,0.111782919,0.111782919,0.007841496,0.007841496,0.007841496,0.007878493,0.007970988,0.007970988,0.007970988,0.007970988,0.007450616,0.007450616,0.007450616,0.007576804,0.007892272,0.007892272,0.007892272,0.007892272,0.001861666,0.001861666,0.001861666,0.001910701,0.002033289,0.002033289,0.002033289,0.002033289,0.074754484,0.074754484,0.074754484,0.056423944,0.010597593,0.010597593,0.010597593,0.010597593,0.000868677,0.000868677,0.000868677,0.000883754,0.000921447,0.000921447,0.000921447,0.000921447,4.47E-05,4.47E-05,4.47E-05,4.55E-05,4.74E-05,4.74E-05,4.74E-05,4.74E-05,0,0,0,0,0,0,0,0
Louisiana,gas,0.039492644,0.039078786,0.038871858,0.036471173,0.030469462,0.030469462,0.030469462,0.030469462,,,,,,,,,0.000176178,0.00017549,0.000175146,0.000172164,0.000164709,0.000164709,0.000164709,0.000164709,0.000123498,0.000122713,0.00012232,0.000118911,0.000110391,0.000110391,0.000110391,0.000110391,0.001434924,0.001424052,0.001418615,0.001371458,0.001253566,0.001253566,0.001253566,0.001253566,0.038875307,0.038875307,0.038875307,0.038875307,0.038875307,0.038875307,0.038875307,0.038875307,0.002578383,0.002589127,0.002594499,0.002641102,0.002757607,0.002757607,0.002757607,0.002757607,7.41E-06,7.36E-06,7.34E-06,7.13E-06,6.62E-06,6.62E-06,6.62E-06,6.62E-06,6.17E-05,6.14E-05,6.12E-05,5.95E-05,5.52E-05,5.52E-05,5.52E-05,5.52E-05
Maine,biomass,0.10291319,0.10291319,0.10291319,0.10291319,0.10291319,0.10291319,0.10291319,0.10291319,0.393985622,0.393985622,0.393985622,0.393985622,0.393985622,0.393985622,0.393985622,0.393985622,0.009857297,0.009857297,0.009857297,0.009857297,0.009857297,0.009857297,0.009857297,0.009857297,0.009604546,0.009604546,0.009604546,0.009604546,0.009604546,0.009604546,0.009604546,0.009604546,0.007503551,0.007503551,0.007503551,0.007503551,0.007503551,0.007503551,0.007503551,0.007503551,0.26854815,0.26854815,0.26854815,0.26854815,0.26854815,0.26854815,0.26854815,0.26854815,0.003554314,0.003554314,0.003554314,0.003554314,0.003554314,0.003554314,0.003554314,0.003554314,0.000480227,0.000480227,0.000480227,0.000480227,0.000480227,0.000480227,0.000480227,0.000480227,0.001920909,0.001920909,0.001920909,0.001920909,0.001920909,0.001920909,0.001920909,0.001920909
Maine,gas,0.006380706,0.006380706,0.006380706,0.006384966,0.006395618,0.006395618,0.006395618,0.006395618,,,,,,,,,0.000146895,0.000146895,0.000146895,0.000146895,0.000146895,0.000146895,0.000146895,0.000146895,9.00E-05,9.00E-05,9.00E-05,9.00E-05,9.00E-05,9.00E-05,9.00E-05,9.00E-05,0.000971883,0.000971883,0.000971883,0.000971883,0.000971883,0.000971883,0.000971883,0.000971883,0.038875307,0.038875307,0.038875307,0.038875307,0.038875307,0.038875307,0.038875307,0.038875307,0.003035976,0.003035976,0.003035976,0.003035976,0.003035976,0.003035976,0.003035976,0.003035976,5.40E-06,5.40E-06,5.40E-06,5.40E-06,5.40E-06,5.40E-06,5.40E-06,5.40E-06,4.50E-05,4.50E-05,4.50E-05,4.50E-05,4.50E-05,4.50E-05,4.50E-05,4.50E-05
Maine,oil,0.007453854,0.007453854,0.007453854,0.007453854,0.007453854,0.007453854,0.007453854,0.007453854,0.499436377,0.499436377,0.499436377,0.499436377,0.499436377,0.499436377,0.499436377,0.499436377,0.000663036,0.000663036,0.000663036,0.000663036,0.000663036,0.000663036,0.000663036,0.000663036,0.000644489,0.000644489,0.000644489,0.000644489,0.000644489,0.000644489,0.000644489,0.000644489,0.000240114,0.000240114,0.000240114,0.000240114,0.000240114,0.000240114,0.000240114,0.000240114,0.001579695,0.001579695,0.001579695,0.001579695,0.001579695,0.001579695,0.001579695,0.001579695,0.000252751,0.000252751,0.000252751,0.000252751,0.000252751,0.000252751,0.000252751,0.000252751,0.000193347,0.000193347,0.000193347,0.000193347,0.000193347,0.000193347,0.000193347,0.000193347,5.80E-05,5.80E-05,5.80E-05,5.80E-05,5.80E-05,5.80E-05,5.80E-05,5.80E-05
Maryland,biomass,0.056290368,0.046481252,0.041576694,0.041729761,0.042112428,0.042112428,0.042112428,0.042112428,0.272388919,0.261516375,0.256579546,0.254873215,0.251911353,0.251911353,0.251911353,0.251911353,0.008882341,0.007838113,0.007315999,0.007328066,0.007358233,0.007358233,0.007358233,0.007358233,0.008876531,0.007827013,0.007302254,0.007314394,0.007344742,0.007344742,0.007344742,0.007344742,0.007503551,0.007503551,0.007503551,0.007503551,0.007503551,0.007503551,0.007503551,0.007503551,0.26854815,0.26854815,0.26854815,0.26854815,0.26854815,0.26854815,0.26854815,0.26854815,0.003554314,0.003554314,0.003554314,0.003554314,0.003554314,0.003554314,0.003554314,0.003554314,0.000443827,0.000391351,0.000365113,0.00036572,0.000367237,0.000367237,0.000367237,0.000367237,0.001775306,0.001565403,0.001460451,0.001462879,0.001468948,0.001468948,0.001468948,0.001468948
Maryland,coal,0.054787915,0.045665424,0.041104179,0.041144145,0.041244059,0.041244059,0.041244059,0.041244059,0.331224748,0.339812683,0.344169857,0.397114382,0.529632614,0.529632614,0.529632614,0.529632614,0.016148802,0.01406027,0.013016004,0.012986687,0.012913396,0.012913396,0.012913396,0.012913396,0.012816074,0.011849624,0.011366399,0.01133854,0.011268892,0.011268892,0.011268892,0.011268892,0.001214819,0.001211744,0.001210207,0.001209772,0.001208684,0.001208684,0.001208684,0.001208684,0.023565372,0.028946437,0.031636969,0.032398558,0.034302531,0.034302531,0.034302531,0.034302531,0.000611232,0.000611232,0.000611232,0.000611232,0.000611232,0.000611232,0.000611232,0.000611232,7.69E-05,7.11E-05,6.82E-05,6.80E-05,6.76E-05,6.76E-05,6.76E-05,6.76E-05,0,0,0,0,0,0,0,0
Maryland,gas,0.016901629,0.016901629,0.016901629,0.017024311,0.017331016,0.017331016,0.017331016,0.017331016,,,,,,,,,0.000146895,0.000146895,0.000146895,0.000146895,0.000146895,0.000146895,0.000146895,0.000146895,9.00E-05,9.00E-05,9.00E-05,9.00E-05,9.00E-05,9.00E-05,9.00E-05,9.00E-05,0.000971883,0.000971883,0.000971883,0.000971883,0.000971883,0.000971883,0.000971883,0.000971883,0.038875307,0.038875307,0.038875307,0.038875307,0.038875307,0.038875307,0.038875307,0.038875307,0.003035976,0.003035976,0.003035976,0.003035976,0.003035976,0.003035976,0.003035976,0.003035976,5.40E-06,5.40E-06,5.40E-06,5.40E-06,5.40E-06,5.40E-06,5.40E-06,5.40E-06,4.50E-05,4.50E-05,4.50E-05,4.50E-05,4.50E-05,4.50E-05,4.50E-05,4.50E-05
Maryland,oil,0.006609992,0.006609992,0.006609992,0.006609992,0.006609992,0.006609992,0.006609992,0.006609992,,,,,,,,,0.000485745,0.000485745,0.000485745,0.000485745,0.000485745,0.000485745,0.000485745,0.000485745,0.000484249,0.000484249,0.000484249,0.000484249,0.000484249,0.000484249,0.000484249,0.000484249,0.000240114,0.000240114,0.000240114,0.000240114,0.000240114,0.000240114,0.000240114,0.000240114,0.001579695,0.001579695,0.001579695,0.001579695,0.001579695,0.001579695,0.001579695,0.001579695,0.000252751,0.000252751,0.000252751,0.000252751,0.000252751,0.000252751,0.000252751,0.000252751,0.000145275,0.000145275,0.000145275,0.000145275,0.000145275,0.000145275,0.000145275,0.000145275,4.36E-05,4.36E-05,4.36E-05,4.36E-05,4.36E-05,4.36E-05,4.36E-05,4.36E-05
Massachusetts,biomass,0.108628445,0.108642591,0.108649664,0.108649664,0.108649664,0.108649664,0.108649664,0.108649664,0.379126656,0.379126748,0.379126794,0.379126794,0.379126794,0.379126794,0.379126794,0.379126794,0.009857347,0.009857313,0.009857297,0.009857297,0.009857297,0.009857297,0.009857297,0.009857297,0.009604669,0.009604587,0.009604546,0.009604546,0.009604546,0.009604546,0.009604546,0.009604546,0.007503551,0.007503551,0.007503551,0.007503551,0.007503551,0.007503551,0.007503551,0.007503551,0.26854815,0.26854815,0.26854815,0.26854815,0.26854815,0.26854815,0.26854815,0.26854815,0.003554314,0.003554314,0.003554314,0.003554314,0.003554314,0.003554314,0.003554314,0.003554314,0.000480233,0.000480229,0.000480227,0.000480227,0.000480227,0.000480227,0.000480227,0.000480227,0.001920934,0.001920917,0.001920909,0.001920909,0.001920909,0.001920909,0.001920909,0.001920909
Massachusetts,coal,0.042378752,0.042378752,0.042378752,0.042378752,0.042378752,0.042378752,0.042378752,0.042378752,0.423257672,0.423257672,0.423257672,0.423257672,0.423257672,0.423257672,0.423257672,0.423257672,0.018282418,0.018282418,0.018282418,0.018282418,0.018282418,0.018282418,0.018282418,0.018282418,0.014008296,0.014008296,0.014008296,0.014008296,0.014008296,0.014008296,0.014008296,0.014008296,0.001222465,0.001222465,0.001222465,0.001222465,0.001222465,0.001222465,0.001222465,0.001222465,0.010187199,0.010187199,0.010187199,0.010187199,0.010187199,0.010187199,0.010187199,0.010187199,0.000611231,0.000611231,0.000611231,0.000611231,0.000611231,0.000611231,0.000611231,0.000611231,8.40E-05,8.40E-05,8.40E-05,8.40E-05,8.40E-05,8.40E-05,8.40E-05,8.40E-05,0,0,0,0,0,0,0,0
Massachusetts,gas,0.006197325,0.006128685,0.006094365,0.006179561,0.00639255,0.00639255,0.00639255,0.00639255,,,,,,,,,0.000147798,0.000147697,0.000147647,0.000147557,0.000147331,0.000147331,0.000147331,0.000147331,9.11E-05,9.09E-05,9.09E-05,9.08E-05,9.05E-05,9.05E-05,9.05E-05,9.05E-05,0.000986154,0.000984568,0.000983775,0.000982346,0.000978774,0.000978774,0.000978774,0.000978774,0.038875307,0.038875307,0.038875307,0.038875307,0.038875307,0.038875307,0.038875307,0.038875307,0.003021873,0.00302344,0.003024224,0.003025636,0.003029166,0.003029166,0.003029166,0.003029166,5.46E-06,5.46E-06,5.45E-06,5.45E-06,5.43E-06,5.43E-06,5.43E-06,5.43E-06,4.55E-05,4.55E-05,4.54E-05,4.54E-05,4.53E-05,4.53E-05,4.53E-05,4.53E-05
Michigan,biomass,0.108130137,0.098305621,0.093393363,0.093094052,0.092345774,0.092345774,0.092345774,0.092345774,0.339869464,0.337296641,0.335699676,0.336733738,0.339543164,0.339543164,0.339543164,0.339543164,0.009504404,0.009049475,0.00882201,0.008833649,0.008862746,0.008862746,0.008862746,0.008862746,0.009407503,0.008937114,0.00870192,0.008711733,0.008736268,0.008736268,0.008736268,0.008736268,0.007503551,0.007503551,0.007503551,0.007503551,0.007503551,0.007503551,0.007503551,0.007503551,0.26854815,0.26854815,0.26854815,0.26854815,0.26854815,0.26854815,0.26854815,0.26854815,0.003554314,0.003554314,0.003554314,0.003554314,0.003554314,0.003554314,0.003554314,0.003554314,0.000470375,0.000446856,0.000435096,0.000435587,0.000436813,0.000436813,0.000436813,0.000436813,0.001881501,0.001787423,0.001740384,0.001742347,0.001747254,0.001747254,0.001747254,0.001747254
Michigan,coal,0.110521512,0.104700785,0.101790422,0.10198053,0.1024558,0.1024558,0.1024558,0.1024558,0.161777947,0.157936294,0.145314737,0.146664298,0.149868828,0.149868828,0.149868828,0.149868828,0.0102921,0.010385921,0.010432832,0.010496047,0.010654086,0.010654086,0.010654086,0.010654086,0.008090356,0.008116731,0.008129918,0.008192414,0.008348654,0.008348654,0.008348654,0.008348654,0.001472766,0.001462653,0.001457596,0.001457697,0.001457951,0.001457951,0.001457951,0.001457951,0.015414143,0.015577508,0.015659191,0.0156726,0.015706121,0.015706121,0.015706121,0.015706121,0.000738162,0.000733245,0.000730787,0.000730853,0.000731017,0.000731017,0.000731017,0.000731017,4.85E-05,4.87E-05,4.88E-05,4.92E-05,5.01E-05,5.01E-05,5.01E-05,5.01E-05,0,0,0,0,0,0,0,0
Michigan,gas,0.052439517,0.052439517,0.052439517,0.04822964,0.037704947,0.037704947,0.037704947,0.037704947,,,,,,,,,0.000147706,0.000147706,0.000147706,0.000147475,0.000146895,0.000146895,0.000146895,0.000146895,9.10E-05,9.10E-05,9.10E-05,9.07E-05,9.00E-05,9.00E-05,9.00E-05,9.00E-05,0.000984712,0.000984712,0.000984712,0.000981046,0.000971883,0.000971883,0.000971883,0.000971883,0.038875307,0.038875307,0.038875307,0.038875307,0.038875307,0.038875307,0.038875307,0.038875307,0.003023298,0.003023298,0.003023298,0.00302692,0.003035976,0.003035976,0.003035976,0.003035976,5.46E-06,5.46E-06,5.46E-06,5.44E-06,5.40E-06,5.40E-06,5.40E-06,5.40E-06,4.55E-05,4.55E-05,4.55E-05,4.53E-05,4.50E-05,4.50E-05,4.50E-05,4.50E-05
Minnesota,biomass,0.135294887,0.135294887,0.135294887,0.133973081,0.130668565,0.130668565,0.130668565,0.130668565,0.392984871,0.392984871,0.392984871,0.385982825,0.368489764,0.368489764,0.368489764,0.368489764,0.009857297,0.009857297,0.009857297,0.009857297,0.009857297,0.009857297,0.009857297,0.009857297,0.009604546,0.009604546,0.009604546,0.009604546,0.009604546,0.009604546,0.009604546,0.009604546,0.007503551,0.007503551,0.007503551,0.007503551,0.007503551,0.007503551,0.007503551,0.007503551,0.26854815,0.26854815,0.26854815,0.26854815,0.26854815,0.26854815,0.26854815,0.26854815,0.003554314,0.003554314,0.003554314,0.003554314,0.003554314,0.003554314,0.003554314,0.003554314,0.000480227,0.000480227,0.000480227,0.000480227,0.000480227,0.000480227,0.000480227,0.000480227,0.001920909,0.001920909,0.001920909,0.001920909,0.001920909,0.001920909,0.001920909,0.001920909
Minnesota,coal,0.083477119,0.075994242,0.072252804,0.072237878,0.072200563,0.072200563,0.072200563,0.072200563,0.462176136,0.462176136,0.462176136,0.462578816,0.461762246,0.461762246,0.461762246,0.461762246,0.028956769,0.028956769,0.028956769,0.028949309,0.02893066,0.02893066,0.02893066,0.02893066,0.021335028,0.021335028,0.021335028,0.021329894,0.021317061,0.021317061,0.021317061,0.021317061,0.001761143,0.001761143,0.001761143,0.001761084,0.001760936,0.001760936,0.001760936,0.001760936,0.014243873,0.014243873,0.014243873,0.014243539,0.014242704,0.014242704,0.014242704,0.014242704,0.000799035,0.000799035,0.000799035,0.000799035,0.000799037,0.000799037,0.000799037,0.000799037,0.00012801,0.00012801,0.00012801,0.000127979,0.000127902,0.000127902,0.000127902,0.000127902,0,0,0,0,0,0,0,0
Minnesota,gas,0.022696114,0.021525981,0.020940914,0.020932493,0.02091144,0.02091144,0.02091144,0.02091144,,,,,,,,,0.000153817,0.000153817,0.000153817,0.000153381,0.000152292,0.000152292,0.000152292,0.000152292,9.79E-05,9.79E-05,9.79E-05,9.74E-05,9.62E-05,9.62E-05,9.62E-05,9.62E-05,0.001081342,0.001081342,0.001081342,0.00107445,0.00105722,0.00105722,0.00105722,0.00105722,0.037109621,0.037109621,0.037109621,0.037220438,0.037497481,0.037497481,0.037497481,0.037497481,0.002927805,0.002927805,0.002927805,0.002934616,0.002951643,0.002951643,0.002951643,0.002951643,5.88E-06,5.88E-06,5.88E-06,5.85E-06,5.77E-06,5.77E-06,5.77E-06,5.77E-06,4.90E-05,4.90E-05,4.90E-05,4.87E-05,4.81E-05,4.81E-05,4.81E-05,4.81E-05
Mississippi,biomass,0.131942807,0.131942807,0.131942807,0.131776207,0.131359708,0.131359708,0.131359708,0.131359708,0.424697988,0.424697988,0.424697988,0.419722395,0.417852641,0.417852641,0.417852641,0.417852641,0.0098186,0.0098186,0.0098186,0.009819756,0.009822646,0.009822646,0.009822646,0.009822646,0.00973731,0.00973731,0.00973731,0.009738913,0.00974292,0.00974292,0.00974292,0.00974292,0.007503551,0.007503551,0.007503551,0.007503551,0.007503551,0.007503551,0.007503551,0.007503551,0.26854815,0.26854815,0.26854815,0.26854815,0.26854815,0.26854815,0.26854815,0.26854815,0.003554314,0.003554314,0.003554314,0.003554314,0.003554314,0.003554314,0.003554314,0.003554314,0.000486866,0.000486866,0.000486866,0.000486946,0.000487146,0.000487146,0.000487146,0.000487146,0.001947462,0.001947462,0.001947462,0.001947783,0.001948584,0.001948584,0.001948584,0.001948584
Mississippi,coal,0.080158539,0.080158539,0.080158539,0.080891472,0.082723804,0.082723804,0.082723804,0.082723804,0.766461813,0.766461813,0.766461813,0.742727375,0.683399638,0.683399638,0.683399638,0.683399638,0.016370214,0.016370214,0.016370214,0.016006388,0.015096823,0.015096823,0.015096823,0.015096823,0.015155381,0.015155381,0.015155381,0.014807373,0.013937351,0.013937351,0.013937351,0.013937351,0.00090043,0.00090043,0.00090043,0.000900046,0.000899086,0.000899086,0.000899086,0.000899086,0.008009929,0.008009929,0.008009929,0.008019713,0.008044173,0.008044173,0.008044173,0.008044173,0.000783504,0.000783504,0.000783504,0.000782729,0.000780794,0.000780794,0.000780794,0.000780794,9.09E-05,9.09E-05,9.09E-05,8.88E-05,8.36E-05,8.36E-05,8.36E-05,8.36E-05,0,0,0,0,0,0,0,0
Mississippi,gas,0.019664468,0.019664468,0.019664468,0.018755593,0.016483407,0.016483407,0.016483407,0.016483407,,,,,,,,,0.000154988,0.000154988,0.000154988,0.000154519,0.000153346,0.000153346,0.000153346,0.000153346,9.93E-05,9.93E-05,9.93E-05,9.87E-05,9.74E-05,9.74E-05,9.74E-05,9.74E-05,0.001099858,0.001099858,0.001099858,0.00109244,0.001073895,0.001073895,0.001073895,0.001073895,0.038875307,0.038875307,0.038875307,0.038875307,0.038875307,0.038875307,0.038875307,0.038875307,0.002909507,0.002909507,0.002909507,0.002916837,0.002935164,0.002935164,0.002935164,0.002935164,5.96E-06,5.96E-06,5.96E-06,5.92E-06,5.84E-06,5.84E-06,5.84E-06,5.84E-06,4.96E-05,4.96E-05,4.96E-05,4.94E-05,4.87E-05,4.87E-05,4.87E-05,4.87E-05
Missouri,biomass,0.042355783,0.042355783,0.042355783,0.045570027,0.053605638,0.053605638,0.053605638,0.053605638,0.183376521,0.183376521,0.183376521,0.174627386,0.158394367,0.158394367,0.158394367,0.158394367,0.008680248,0.008680248,0.008680248,0.008239328,0.00713703,0.00713703,0.00713703,0.00713703,0.008680248,0.008680248,0.008680248,0.008237258,0.007129784,0.007129784,0.007129784,0.007129784,0.007503551,0.007503551,0.007503551,0.007503551,0.007503551,0.007503551,0.007503551,0.007503551,0.26854815,0.26854815,0.26854815,0.26854815,0.26854815,0.26854815,0.26854815,0.26854815,0.003554314,0.003554314,0.003554314,0.003554314,0.003554314,0.003554314,0.003554314,0.003554314,0.000434012,0.000434012,0.000434012,0.000411863,0.000356489,0.000356489,0.000356489,0.000356489,0.00173605,0.00173605,0.00173605,0.001647452,0.001425957,0.001425957,0.001425957,0.001425957
Missouri,coal,0.050313115,0.050313115,0.050313115,0.050246621,0.050080386,0.050080386,0.050080386,0.050080386,0.751598385,0.751598385,0.751598385,0.785445627,0.876374476,0.876374476,0.876374476,0.876374476,0.006471788,0.006471788,0.006471788,0.006514219,0.006620297,0.006620297,0.006620297,0.006620297,0.005869339,0.005869339,0.005869339,0.005904789,0.005993412,0.005993412,0.005993412,0.005993412,0.001869585,0.001869585,0.001869585,0.001870053,0.001871222,0.001871222,0.001871222,0.001871222,0.013381829,0.013381829,0.013381829,0.013384081,0.013389713,0.013389713,0.013389713,0.013389713,0.000779154,0.000779154,0.000779154,0.00077897,0.000778509,0.000778509,0.000778509,0.000778509,3.52E-05,3.52E-05,3.52E-05,3.54E-05,3.60E-05,3.60E-05,3.60E-05,3.60E-05,0,0,0,0,0,0,0,0
Missouri,gas,0.018536104,0.018536104,0.018536104,0.02003616,0.023786299,0.023786299,0.023786299,0.023786299,,,,,,,,,0.000146895,0.000146895,0.000146895,0.000146895,0.000146895,0.000146895,0.000146895,0.000146895,9.00E-05,9.00E-05,9.00E-05,9.00E-05,9.00E-05,9.00E-05,9.00E-05,9.00E-05,0.000971883,0.000971883,0.000971883,0.000971883,0.000971883,0.000971883,0.000971883,0.000971883,0.038875307,0.038875307,0.038875307,0.038875307,0.038875307,0.038875307,0.038875307,0.038875307,0.003035976,0.003035976,0.003035976,0.003035976,0.003035976,0.003035976,0.003035976,0.003035976,5.40E-06,5.40E-06,5.40E-06,5.40E-06,5.40E-06,5.40E-06,5.40E-06,5.40E-06,4.50E-05,4.50E-05,4.50E-05,4.50E-05,4.50E-05,4.50E-05,4.50E-05,4.50E-05
Montana,biomass,0.088668604,0.088668604,0.088668604,0.08579629,0.078615507,0.078615507,0.078615507,0.078615507,0.121797469,0.121797469,0.121797469,0.131131527,0.154465128,0.154465128,0.154465128,0.154465128,0.009857297,0.009857297,0.009857297,0.009857297,0.009857297,0.009857297,0.009857297,0.009857297,0.009604546,0.009604546,0.009604546,0.009604546,0.009604546,0.009604546,0.009604546,0.009604546,0.007503551,0.007503551,0.007503551,0.007503551,0.007503551,0.007503551,0.007503551,0.007503551,0.26854815,0.26854815,0.26854815,0.26854815,0.26854815,0.26854815,0.26854815,0.26854815,0.003554314,0.003554314,0.003554314,0.003554314,0.003554314,0.003554314,0.003554314,0.003554314,0.000480227,0.000480227,0.000480227,0.000480227,0.000480227,0.000480227,0.000480227,0.000480227,0.001920909,0.001920909,0.001920909,0.001920909,0.001920909,0.001920909,0.001920909,0.001920909
Montana,coal,0.138345448,0.095542784,0.074141452,0.074062873,0.073866427,0.073866427,0.073866427,0.073866427,0.657847982,0.657847982,0.657847982,0.681451529,0.87243158,0.87243158,0.87243158,0.87243158,0.033711605,0.033711605,0.033711605,0.033889568,0.034334475,0.034334475,0.034334475,0.034334475,0.02107853,0.02107853,0.02107853,0.021269692,0.021747598,0.021747598,0.021747598,0.021747598,0.001601042,0.001601042,0.001601042,0.001601042,0.001601042,0.001601042,0.001601042,0.001601042,0.013342019,0.013342019,0.013342019,0.013342019,0.013342019,0.013342019,0.013342019,0.013342019,0.000800521,0.000800521,0.000800521,0.000800521,0.000800521,0.000800521,0.000800521,0.000800521,0.000126471,0.000126471,0.000126471,0.000127618,0.000130486,0.000130486,0.000130486,0.000130486,0,0,0,0,0,0,0,0
Montana,gas,0.040567557,0.040567557,0.040567557,0.041014161,0.04213067,0.04213067,0.04213067,0.04213067,0.379127448,0.379127448,0.379127448,0.321696572,0.178123892,0.178123892,0.178123892,0.178123892,0.000146895,0.000146895,0.000146895,0.000146895,0.000146895,0.000146895,0.000146895,0.000146895,9.00E-05,9.00E-05,9.00E-05,9.00E-05,9.00E-05,9.00E-05,9.00E-05,9.00E-05,0.000971883,0.000971883,0.000971883,0.000971883,0.000971883,0.000971883,0.000971883,0.000971883,0.038875307,0.038875307,0.038875307,0.038875307,0.038875307,0.038875307,0.038875307,0.038875307,0.003035976,0.003035976,0.003035976,0.003035976,0.003035976,0.003035976,0.003035976,0.003035976,5.40E-06,5.40E-06,5.40E-06,5.40E-06,5.40E-06,5.40E-06,5.40E-06,5.40E-06,4.50E-05,4.50E-05,4.50E-05,4.50E-05,4.50E-05,4.50E-05,4.50E-05,4.50E-05
Nebraska,coal,0.097404539,0.097404539,0.097404539,0.097404539,0.097404539,0.097404539,0.097404539,0.097404539,0.734582173,0.734582173,0.734582173,0.734582173,0.734582173,0.734582173,0.734582173,0.734582173,0.006684623,0.006684623,0.006684623,0.006684623,0.006684623,0.006684623,0.006684623,0.006684623,0.005680262,0.005680262,0.005680262,0.005680262,0.005680262,0.005680262,0.005680262,0.005680262,0.001677312,0.001677312,0.001677312,0.001677312,0.001677312,0.001677312,0.001677312,0.001677312,0.021065819,0.021065819,0.021065819,0.021065819,0.021065819,0.021065819,0.021065819,0.021065819,0.000800521,0.000800521,0.000800521,0.000800521,0.000800521,0.000800521,0.000800521,0.000800521,3.41E-05,3.41E-05,3.41E-05,3.41E-05,3.41E-05,3.41E-05,3.41E-05,3.41E-05,0,0,0,0,0,0,0,0
Nebraska,gas,0.021070769,0.021070769,0.021070769,0.028272702,0.046277535,0.046277535,0.046277535,0.046277535,,,,,,,,,0.000146895,0.000146895,0.000146895,0.000146895,0.000146895,0.000146895,0.000146895,0.000146895,9.00E-05,9.00E-05,9.00E-05,9.00E-05,9.00E-05,9.00E-05,9.00E-05,9.00E-05,0.000971883,0.000971883,0.000971883,0.000971883,0.000971883,0.000971883,0.000971883,0.000971883,0.038875307,0.038875307,0.038875307,0.038875307,0.038875307,0.038875307,0.038875307,0.038875307,0.003035976,0.003035976,0.003035976,0.003035976,0.003035976,0.003035976,0.003035976,0.003035976,5.40E-06,5.40E-06,5.40E-06,5.40E-06,5.40E-06,5.40E-06,5.40E-06,5.40E-06,4.50E-05,4.50E-05,4.50E-05,4.50E-05,4.50E-05,4.50E-05,4.50E-05,4.50E-05
Nevada,coal,0.104901072,0.110218814,0.112877685,0.087626201,0.024497491,0.024497491,0.024497491,0.024497491,0.192955514,0.922374643,0.833878439,0.695958193,0.351157575,0.351157575,0.351157575,0.351157575,0.012807996,0.010798449,0.009793676,0.009062241,0.007233654,0.007233654,0.007233654,0.007233654,0.011011743,0.009024799,0.008031326,0.007303876,0.005485251,0.005485251,0.005485251,0.005485251,0.001239642,0.001303444,0.001335344,0.001408268,0.001590577,0.001590577,0.001590577,0.001590577,0.01033035,0.010862031,0.011127871,0.011735568,0.013254811,0.013254811,0.013254811,0.013254811,0.000619821,0.000651722,0.000667672,0.000704134,0.000795289,0.000795289,0.000795289,0.000795289,6.61E-05,5.41E-05,4.82E-05,4.38E-05,3.29E-05,3.29E-05,3.29E-05,3.29E-05,0,0,0,0,0,0,0,0
Nevada,gas,0.007209886,0.007209886,0.007209886,0.007827236,0.009370611,0.009370611,0.009370611,0.009370611,,,,,,,,,0.000147041,0.000147041,0.000147041,0.000146999,0.000146895,0.000146895,0.000146895,0.000146895,9.02E-05,9.02E-05,9.02E-05,9.02E-05,9.00E-05,9.00E-05,9.00E-05,9.00E-05,0.000974184,0.000974184,0.000974184,0.000973526,0.000971883,0.000971883,0.000971883,0.000971883,0.038875307,0.038875307,0.038875307,0.038875307,0.038875307,0.038875307,0.038875307,0.038875307,0.003033702,0.003033702,0.003033702,0.003034352,0.003035976,0.003035976,0.003035976,0.003035976,5.41E-06,5.41E-06,5.41E-06,5.41E-06,5.40E-06,5.40E-06,5.40E-06,5.40E-06,4.51E-05,4.51E-05,4.51E-05,4.51E-05,4.50E-05,4.50E-05,4.50E-05,4.50E-05
New Hampshire,biomass,0.039332749,0.039332749,0.039332749,0.038865965,0.037699005,0.037699005,0.037699005,0.037699005,0.379126831,0.379126831,0.379126831,0.379126836,0.379126828,0.379126828,0.379126828,0.379126828,0.009857297,0.009857297,0.009857297,0.009857297,0.009857297,0.009857297,0.009857297,0.009857297,0.009604546,0.009604546,0.009604546,0.009604546,0.009604546,0.009604546,0.009604546,0.009604546,0.007503551,0.007503551,0.007503551,0.007503551,0.007503551,0.007503551,0.007503551,0.007503551,0.26854815,0.26854815,0.26854815,0.26854815,0.26854815,0.26854815,0.26854815,0.26854815,0.003554314,0.003554314,0.003554314,0.003554314,0.003554314,0.003554314,0.003554314,0.003554314,0.000480227,0.000480227,0.000480227,0.000480227,0.000480227,0.000480227,0.000480227,0.000480227,0.001920909,0.001920909,0.001920909,0.001920909,0.001920909,0.001920909,0.001920909,0.001920909
New Hampshire,gas,0.004534778,0.004534778,0.004534778,0.004553401,0.004599961,0.004599961,0.004599961,0.004599961,,,,,,,,,0.000146895,0.000146895,0.000146895,0.000146895,0.000146895,0.000146895,0.000146895,0.000146895,9.00E-05,9.00E-05,9.00E-05,9.00E-05,9.00E-05,9.00E-05,9.00E-05,9.00E-05,0.000971883,0.000971883,0.000971883,0.000971883,0.000971883,0.000971883,0.000971883,0.000971883,0.038875307,0.038875307,0.038875307,0.038875307,0.038875307,0.038875307,0.038875307,0.038875307,0.003035976,0.003035976,0.003035976,0.003035976,0.003035976,0.003035976,0.003035976,0.003035976,5.40E-06,5.40E-06,5.40E-06,5.40E-06,5.40E-06,5.40E-06,5.40E-06,5.40E-06,4.50E-05,4.50E-05,4.50E-05,4.50E-05,4.50E-05,4.50E-05,4.50E-05,4.50E-05
New Jersey,biomass,0.039033788,0.039033788,0.039033788,0.038045701,0.035575483,0.035575483,0.035575483,0.035575483,0.379126844,0.379126844,0.379126844,0.379126835,0.379126821,0.379126821,0.379126821,0.379126821,0.008712263,0.008712263,0.008712263,0.008740793,0.00881212,0.00881212,0.00881212,0.00881212,0.00850444,0.00850444,0.00850444,0.008528752,0.008589532,0.008589532,0.008589532,0.008589532,0.007503551,0.007503551,0.007503551,0.007503551,0.007503551,0.007503551,0.007503551,0.007503551,0.26854815,0.26854815,0.26854815,0.26854815,0.26854815,0.26854815,0.26854815,0.26854815,0.003554314,0.003554314,0.003554314,0.003554314,0.003554314,0.003554314,0.003554314,0.003554314,0.000425222,0.000425222,0.000425222,0.000426438,0.000429477,0.000429477,0.000429477,0.000429477,0.001700888,0.001700888,0.001700888,0.00170575,0.001717906,0.001717906,0.001717906,0.001717906
New Jersey,coal,0.051105342,0.051105342,0.051105342,0.051076844,0.0510056,0.0510056,0.0510056,0.0510056,0.762131918,0.762131918,0.762131918,0.752498419,0.733211634,0.733211634,0.733211634,0.733211634,0.016629787,0.016629787,0.016629787,0.016697234,0.016865851,0.016865851,0.016865851,0.016865851,0.013260176,0.013260176,0.013260176,0.013275984,0.013315502,0.013315502,0.013315502,0.013315502,0.001096955,0.001096955,0.001096955,0.00109848,0.001102293,0.001102293,0.001102293,0.001102293,0.010187199,0.010187199,0.010187199,0.010187199,0.010187199,0.010187199,0.010187199,0.010187199,0.000611232,0.000611232,0.000611232,0.000611232,0.000611232,0.000611232,0.000611232,0.000611232,7.96E-05,7.96E-05,7.96E-05,7.97E-05,7.99E-05,7.99E-05,7.99E-05,7.99E-05,0,0,0,0,0,0,0,0
New Jersey,gas,0.018025266,0.018025266,0.018025266,0.018103203,0.018298047,0.018298047,0.018298047,0.018298047,,,,,,,,,0.000146895,0.000146895,0.000146895,0.000146895,0.000146895,0.000146895,0.000146895,0.000146895,9.00E-05,9.00E-05,9.00E-05,9.00E-05,9.00E-05,9.00E-05,9.00E-05,9.00E-05,0.000971883,0.000971883,0.000971883,0.000971883,0.000971883,0.000971883,0.000971883,0.000971883,0.038875307,0.038875307,0.038875307,0.038875307,0.038875307,0.038875307,0.038875307,0.038875307,0.003035976,0.003035976,0.003035976,0.003035976,0.003035976,0.003035976,0.003035976,0.003035976,5.40E-06,5.40E-06,5.40E-06,5.40E-06,5.40E-06,5.40E-06,5.40E-06,5.40E-06,4.50E-05,4.50E-05,4.50E-05,4.50E-05,4.50E-05,4.50E-05,4.50E-05,4.50E-05
New Mexico,biomass,0.09376114,0.09376114,0.09376114,0.09376114,0.09376114,0.09376114,0.09376114,0.09376114,0.284345985,0.284345985,0.284345985,0.284345985,0.284345985,0.284345985,0.284345985,0.284345985,0.00903862,0.00903862,0.00903862,0.00903862,0.00903862,0.00903862,0.00903862,0.00903862,0.00903862,0.00903862,0.00903862,0.00903862,0.00903862,0.00903862,0.00903862,0.00903862,0.007503551,0.007503551,0.007503551,0.007503551,0.007503551,0.007503551,0.007503551,0.007503551,0.26854815,0.26854815,0.26854815,0.26854815,0.26854815,0.26854815,0.26854815,0.26854815,0.003554314,0.003554314,0.003554314,0.003554314,0.003554314,0.003554314,0.003554314,0.003554314,0.000451931,0.000451931,0.000451931,0.000451931,0.000451931,0.000451931,0.000451931,0.000451931,0.001807724,0.001807724,0.001807724,0.001807724,0.001807724,0.001807724,0.001807724,0.001807724
New Mexico,coal,0.124428818,0.124428818,0.124428818,0.124428818,0.124428818,0.124428818,0.124428818,0.124428818,0.396148172,0.396148172,0.396148172,0.396148172,0.396148172,0.396148172,0.396148172,0.396148172,0.022415947,0.022415947,0.022415947,0.022415947,0.022415947,0.022415947,0.022415947,0.022415947,0.017203235,0.017203235,0.017203235,0.017203235,0.017203235,0.017203235,0.017203235,0.017203235,0.001601042,0.001601042,0.001601042,0.001601042,0.001601042,0.001601042,0.001601042,0.001601042,0.013342019,0.013342019,0.013342019,0.013342019,0.013342019,0.013342019,0.013342019,0.013342019,0.000800521,0.000800521,0.000800521,0.000800521,0.000800521,0.000800521,0.000800521,0.000800521,0.000103219,0.000103219,0.000103219,0.000103219,0.000103219,0.000103219,0.000103219,0.000103219,0,0,0,0,0,0,0,0
New Mexico,gas,0.024038819,0.024038819,0.024038819,0.024617692,0.026064874,0.026064874,0.026064874,0.026064874,,,,,,,,,0.000166887,0.000166887,0.000166887,0.000166499,0.000165531,0.000165531,0.000165531,0.000165531,0.00011288,0.00011288,0.00011288,0.000112437,0.000111331,0.000111331,0.000111331,0.000111331,0.001288005,0.001288005,0.001288005,0.001281881,0.00126657,0.00126657,0.00126657,0.00126657,0.038875307,0.038875307,0.038875307,0.038875307,0.038875307,0.038875307,0.038875307,0.038875307,0.002723573,0.002723573,0.002723573,0.002729625,0.002744756,0.002744756,0.002744756,0.002744756,6.77E-06,6.77E-06,6.77E-06,6.75E-06,6.68E-06,6.68E-06,6.68E-06,6.68E-06,5.64E-05,5.64E-05,5.64E-05,5.62E-05,5.57E-05,5.57E-05,5.57E-05,5.57E-05
New York,biomass,0.088868528,0.088868528,0.088868528,0.088862166,0.08884626,0.08884626,0.08884626,0.08884626,0.285647177,0.285647177,0.285647177,0.285577932,0.285159336,0.285159336,0.285159336,0.285159336,0.009001946,0.009001946,0.009001946,0.009008065,0.009023362,0.009023362,0.009023362,0.009023362,0.008792163,0.008792163,0.008792163,0.008798894,0.00881572,0.00881572,0.00881572,0.00881572,0.007503551,0.007503551,0.007503551,0.007503551,0.007503551,0.007503551,0.007503551,0.007503551,0.26854815,0.26854815,0.26854815,0.26854815,0.26854815,0.26854815,0.26854815,0.26854815,0.003554314,0.003554314,0.003554314,0.003554314,0.003554314,0.003554314,0.003554314,0.003554314,0.000439608,0.000439608,0.000439608,0.000439945,0.000440786,0.000440786,0.000440786,0.000440786,0.001758433,0.001758433,0.001758433,0.001759779,0.001763144,0.001763144,0.001763144,0.001763144
New York,coal,0.148917105,0.148917105,0.148917105,0.149031755,0.14931838,0.14931838,0.14931838,0.14931838,0.916825841,0.916825841,0.916825841,0.915291272,0.913312994,0.913312994,0.913312994,0.913312994,0.018186095,0.018186095,0.018186095,0.018198957,0.018231112,0.018231112,0.018231112,0.018231112,0.013661281,0.013661281,0.013661281,0.013671571,0.013697297,0.013697297,0.013697297,0.013697297,0.001244501,0.001244501,0.001244501,0.001243935,0.001242521,0.001242521,0.001242521,0.001242521,0.010370843,0.010370843,0.010370843,0.010366129,0.010354343,0.010354343,0.010354343,0.010354343,0.000622251,0.000622251,0.000622251,0.000621968,0.000621261,0.000621261,0.000621261,0.000621261,8.20E-05,8.20E-05,8.20E-05,8.20E-05,8.22E-05,8.22E-05,8.22E-05,8.22E-05,0,0,0,0,0,0,0,0
New York,gas,0.014891315,0.014891315,0.014891315,0.013836064,0.011197935,0.011197935,0.011197935,0.011197935,,,,,,,,,0.00016018,0.00016018,0.00016018,0.000158605,0.000154665,0.000154665,0.000154665,0.000154665,0.000105215,0.000105215,0.000105215,0.000103415,9.89E-05,9.89E-05,9.89E-05,9.89E-05,0.001181957,0.001181957,0.001181957,0.001157041,0.001094752,0.001094752,0.001094752,0.001094752,0.038875307,0.038875307,0.038875307,0.038875307,0.038875307,0.038875307,0.038875307,0.038875307,0.002828373,0.002828373,0.002828373,0.002852996,0.002914553,0.002914553,0.002914553,0.002914553,6.31E-06,6.31E-06,6.31E-06,6.20E-06,5.93E-06,5.93E-06,5.93E-06,5.93E-06,5.26E-05,5.26E-05,5.26E-05,5.17E-05,4.95E-05,4.95E-05,4.95E-05,4.95E-05
New York,oil,0.128220314,0.128220314,0.128220314,0.128220314,0.128220314,0.128220314,0.128220314,0.128220314,,,,,,,,,0.005472613,0.005472613,0.005472613,0.005472613,0.005472613,0.005472613,0.005472613,0.005472613,0.005472613,0.005472613,0.005472613,0.005472613,0.005472613,0.005472613,0.005472613,0.005472613,0.000206047,0.000206047,0.000206047,0.000206047,0.000206047,0.000206047,0.000206047,0.000206047,0.001579695,0.001579695,0.001579695,0.001579695,0.001579695,0.001579695,0.001579695,0.001579695,0.022733872,0.022733872,0.022733872,0.022733872,0.022733872,0.022733872,0.022733872,0.022733872,0.001641784,0.001641784,0.001641784,0.001641784,0.001641784,0.001641784,0.001641784,0.001641784,0.000492535,0.000492535,0.000492535,0.000492535,0.000492535,0.000492535,0.000492535,0.000492535
North Carolina,biomass,0.096068931,0.096068931,0.096068931,0.096191918,0.096499385,0.096499385,0.096499385,0.096499385,0.396589718,0.396589718,0.396589718,0.396795542,0.397311393,0.397311393,0.397311393,0.397311393,0.00867288,0.00867288,0.00867288,0.008684288,0.008712809,0.008712809,0.008712809,0.008712809,0.008517639,0.008517639,0.008517639,0.008528981,0.008557335,0.008557335,0.008557335,0.008557335,0.007503551,0.007503551,0.007503551,0.007503551,0.007503551,0.007503551,0.007503551,0.007503551,0.26854815,0.26854815,0.26854815,0.26854815,0.26854815,0.26854815,0.26854815,0.26854815,0.003554314,0.003554314,0.003554314,0.003554314,0.003554314,0.003554314,0.003554314,0.003554314,0.000425882,0.000425882,0.000425882,0.000426449,0.000427867,0.000427867,0.000427867,0.000427867,0.001703528,0.001703528,0.001703528,0.001705796,0.001711467,0.001711467,0.001711467,0.001711467
North Carolina,coal,0.07298058,0.07298058,0.07298058,0.072945583,0.072858092,0.072858092,0.072858092,0.072858092,0.494872945,0.494872945,0.494872945,0.588414925,0.543758162,0.543758162,0.543758162,0.543758162,0.014546503,0.014546503,0.014546503,0.014619141,0.014800734,0.014800734,0.014800734,0.014800734,0.012159483,0.012159483,0.012159483,0.012189967,0.012266176,0.012266176,0.012266176,0.012266176,0.001217631,0.001217631,0.001217631,0.001217253,0.001216308,0.001216308,0.001216308,0.001216308,0.012361851,0.012361851,0.012361851,0.012532028,0.012957472,0.012957472,0.012957472,0.012957472,0.000611232,0.000611232,0.000611232,0.000611232,0.000611232,0.000611232,0.000611232,0.000611232,7.30E-05,7.30E-05,7.30E-05,7.31E-05,7.36E-05,7.36E-05,7.36E-05,7.36E-05,0,0,0,0,0,0,0,0
North Carolina,gas,0.014660935,0.014660935,0.014660935,0.014090782,0.012665401,0.012665401,0.012665401,0.012665401,,,,,,,,,0.000146895,0.000146895,0.000146895,0.000146895,0.000146895,0.000146895,0.000146895,0.000146895,9.00E-05,9.00E-05,9.00E-05,9.00E-05,9.00E-05,9.00E-05,9.00E-05,9.00E-05,0.000971883,0.000971883,0.000971883,0.000971883,0.000971883,0.000971883,0.000971883,0.000971883,0.038875307,0.038875307,0.038875307,0.038875307,0.038875307,0.038875307,0.038875307,0.038875307,0.003035976,0.003035976,0.003035976,0.003035976,0.003035976,0.003035976,0.003035976,0.003035976,5.40E-06,5.40E-06,5.40E-06,5.40E-06,5.40E-06,5.40E-06,5.40E-06,5.40E-06,4.50E-05,4.50E-05,4.50E-05,4.50E-05,4.50E-05,4.50E-05,4.50E-05,4.50E-05
North Dakota,biomass,0.164935412,0.108380381,0.080102865,0.080086731,0.080046397,0.080046397,0.080046397,0.080046397,0.291568968,0.291568968,0.291568968,0.291519525,0.291398973,0.291398973,0.291398973,0.291398973,0.009167318,0.009167318,0.009167318,0.009168117,0.009170116,0.009170116,0.009170116,0.009170116,0.009167318,0.009167318,0.009167318,0.009168117,0.009170116,0.009170116,0.009170116,0.009170116,0.007503551,0.007503551,0.007503551,0.007503551,0.007503551,0.007503551,0.007503551,0.007503551,0.26854815,0.26854815,0.26854815,0.26854815,0.26854815,0.26854815,0.26854815,0.26854815,0.003554314,0.003554314,0.003554314,0.003554314,0.003554314,0.003554314,0.003554314,0.003554314,0.000458366,0.000458366,0.000458366,0.000458406,0.000458506,0.000458506,0.000458506,0.000458506,0.001833464,0.001833464,0.001833464,0.001833623,0.001834023,0.001834023,0.001834023,0.001834023
North Dakota,coal,0.170708899,0.159146758,0.153365687,0.153595406,0.154169704,0.154169704,0.154169704,0.154169704,0.853264679,0.853264679,0.853264679,0.865288171,0.886346994,0.886346994,0.886346994,0.886346994,0.013577018,0.013577018,0.013577018,0.013585142,0.01360545,0.01360545,0.01360545,0.01360545,0.011653707,0.011653707,0.011653707,0.011661513,0.011681027,0.011681027,0.011681027,0.011681027,0.002319273,0.002319273,0.002319273,0.002319274,0.002319275,0.002319275,0.002319275,0.002319275,0.030048107,0.030048107,0.030048107,0.030033551,0.029997161,0.029997161,0.029997161,0.029997161,0.00096126,0.00096126,0.00096126,0.000961409,0.000961784,0.000961784,0.000961784,0.000961784,6.99E-05,6.99E-05,6.99E-05,7.00E-05,7.01E-05,7.01E-05,7.01E-05,7.01E-05,0,0,0,0,0,0,0,0
North Dakota,gas,0.026690128,0.017633643,0.013105401,0.013215939,0.013492284,0.013492284,0.013492284,0.013492284,,,,,,,,,0.000245116,0.000245116,0.000245116,0.000244807,0.000244033,0.000244033,0.000244033,0.000244033,0.000202285,0.000202285,0.000202285,0.000201931,0.000201047,0.000201047,0.000201047,0.000201047,0.002525032,0.002525032,0.002525032,0.002520137,0.0025079,0.0025079,0.0025079,0.0025079,0.011466783,0.011466783,0.011466783,0.011553164,0.011769115,0.011769115,0.011769115,0.011769115,0.001501099,0.001501099,0.001501099,0.001505936,0.00151803,0.00151803,0.00151803,0.00151803,1.21E-05,1.21E-05,1.21E-05,1.21E-05,1.21E-05,1.21E-05,1.21E-05,1.21E-05,0.000101143,0.000101143,0.000101143,0.000100966,0.000100523,0.000100523,0.000100523,0.000100523
Ohio,biomass,0.077615045,0.077615045,0.077615045,0.0771522,0.075995087,0.075995087,0.075995087,0.075995087,0.272298445,0.272298445,0.272298445,0.274259911,0.279163579,0.279163579,0.279163579,0.279163579,0.008030248,0.008030248,0.008030248,0.008218376,0.008688696,0.008688696,0.008688696,0.008688696,0.007999923,0.007999923,0.007999923,0.008176651,0.008618472,0.008618472,0.008618472,0.008618472,0.007503551,0.007503551,0.007503551,0.007503551,0.007503551,0.007503551,0.007503551,0.007503551,0.26854815,0.26854815,0.26854815,0.26854815,0.26854815,0.26854815,0.26854815,0.26854815,0.003554314,0.003554314,0.003554314,0.003554314,0.003554314,0.003554314,0.003554314,0.003554314,0.000399996,0.000399996,0.000399996,0.000408833,0.000430924,0.000430924,0.000430924,0.000430924,0.001599985,0.001599985,0.001599985,0.00163533,0.001723694,0.001723694,0.001723694,0.001723694
Ohio,coal,0.073320893,0.073320893,0.073320893,0.072859973,0.071707673,0.071707673,0.071707673,0.071707673,0.122744965,0.122744965,0.122744965,0.123841816,0.126583945,0.126583945,0.126583945,0.126583945,0.020796943,0.020796943,0.020796943,0.020887337,0.021113322,0.021113322,0.021113322,0.021113322,0.01600768,0.01600768,0.01600768,0.016024045,0.016064957,0.016064957,0.016064957,0.016064957,0.001191263,0.001191263,0.001191263,0.001191738,0.001192924,0.001192924,0.001192924,0.001192924,0.010187199,0.010187199,0.010187199,0.010187199,0.010187199,0.010187199,0.010187199,0.010187199,0.000611232,0.000611232,0.000611232,0.000611232,0.000611232,0.000611232,0.000611232,0.000611232,9.60E-05,9.60E-05,9.60E-05,9.61E-05,9.64E-05,9.64E-05,9.64E-05,9.64E-05,0,0,0,0,0,0,0,0
Ohio,gas,0.015888849,0.015888849,0.015888849,0.014036228,0.009404676,0.009404676,0.009404676,0.009404676,0.385252629,0.385252629,0.385252629,0.343984532,0.249327456,0.249327456,0.249327456,0.249327456,0.000146895,0.000146895,0.000146895,0.000146895,0.000146895,0.000146895,0.000146895,0.000146895,9.00E-05,9.00E-05,9.00E-05,9.00E-05,9.00E-05,9.00E-05,9.00E-05,9.00E-05,0.000971883,0.000971883,0.000971883,0.000971883,0.000971883,0.000971883,0.000971883,0.000971883,0.038875307,0.038875307,0.038875307,0.038875307,0.038875307,0.038875307,0.038875307,0.038875307,0.003035976,0.003035976,0.003035976,0.003035976,0.003035976,0.003035976,0.003035976,0.003035976,5.40E-06,5.40E-06,5.40E-06,5.40E-06,5.40E-06,5.40E-06,5.40E-06,5.40E-06,4.50E-05,4.50E-05,4.50E-05,4.50E-05,4.50E-05,4.50E-05,4.50E-05,4.50E-05
Ohio,oil,1.137059457,1.137059457,1.137059457,1.137059457,1.137059457,1.137059457,1.137059457,1.137059457,,,,,,,,,0.005472621,0.005472621,0.005472621,0.005472621,0.005472621,0.005472621,0.005472621,0.005472621,0.005472621,0.005472621,0.005472621,0.005472621,0.005472621,0.005472621,0.005472621,0.005472621,0.000206049,0.000206049,0.000206049,0.000206049,0.000206049,0.000206049,0.000206049,0.000206049,0.001579695,0.001579695,0.001579695,0.001579695,0.001579695,0.001579695,0.001579695,0.001579695,0.022733923,0.022733923,0.022733923,0.022733923,0.022733923,0.022733923,0.022733923,0.022733923,0.001641786,0.001641786,0.001641786,0.001641786,0.001641786,0.001641786,0.001641786,0.001641786,0.000492536,0.000492536,0.000492536,0.000492536,0.000492536,0.000492536,0.000492536,0.000492536
Oklahoma,biomass,0.061140368,0.061140368,0.061140368,0.064495186,0.072882232,0.072882232,0.072882232,0.072882232,0.559748528,0.559748528,0.559748528,0.642699525,0.857718878,0.857718878,0.857718878,0.857718878,0.00960968,0.00960968,0.00960968,0.008825976,0.006866716,0.006866716,0.006866716,0.006866716,0.00960968,0.00960968,0.00960968,0.008825976,0.006866716,0.006866716,0.006866716,0.006866716,0.007503551,0.007503551,0.007503551,0.007503551,0.007503551,0.007503551,0.007503551,0.007503551,0.26854815,0.26854815,0.26854815,0.26854815,0.26854815,0.26854815,0.26854815,0.26854815,0.003554314,0.003554314,0.003554314,0.003554314,0.003554314,0.003554314,0.003554314,0.003554314,0.000480484,0.000480484,0.000480484,0.000441299,0.000343336,0.000343336,0.000343336,0.000343336,0.001921936,0.001921936,0.001921936,0.001765195,0.001373343,0.001373343,0.001373343,0.001373343
Oklahoma,coal,0.115882146,0.10205374,0.095139537,0.095026927,0.094745403,0.094745403,0.094745403,0.094745403,0.597458868,0.597458868,0.597458868,0.615891812,0.675947417,0.675947417,0.675947417,0.675947417,0.007820629,0.007820629,0.007820629,0.007842219,0.007896195,0.007896195,0.007896195,0.007896195,0.006628885,0.006628885,0.006628885,0.006641758,0.006673943,0.006673943,0.006673943,0.006673943,0.00156209,0.00156209,0.00156209,0.001562099,0.00156212,0.00156212,0.00156212,0.00156212,0.036981022,0.036981022,0.036981022,0.036975826,0.036962837,0.036962837,0.036962837,0.036962837,0.000787859,0.000787859,0.000787859,0.000787862,0.000787869,0.000787869,0.000787869,0.000787869,3.98E-05,3.98E-05,3.98E-05,3.99E-05,4.00E-05,4.00E-05,4.00E-05,4.00E-05,0,0,0,0,0,0,0,0
Oklahoma,gas,0.050621892,0.050621892,0.050621892,0.04637869,0.035770686,0.035770686,0.035770686,0.035770686,,,,,,,,,0.000179701,0.000179701,0.000179701,0.000174752,0.000162379,0.000162379,0.000162379,0.000162379,0.000127525,0.000127525,0.000127525,0.000121869,0.000107729,0.000107729,0.000107729,0.000107729,0.00149063,0.00149063,0.00149063,0.001412373,0.001216731,0.001216731,0.001216731,0.001216731,0.038875307,0.038875307,0.038875307,0.038875307,0.038875307,0.038875307,0.038875307,0.038875307,0.002523332,0.002523332,0.002523332,0.002600668,0.002794008,0.002794008,0.002794008,0.002794008,7.65E-06,7.65E-06,7.65E-06,7.31E-06,6.46E-06,6.46E-06,6.46E-06,6.46E-06,6.38E-05,6.38E-05,6.38E-05,6.09E-05,5.39E-05,5.39E-05,5.39E-05,5.39E-05
Oregon,biomass,0.107822047,0.107822047,0.107822047,0.107843173,0.107895991,0.107895991,0.107895991,0.107895991,0.576562139,0.576562139,0.576562139,0.543751779,0.496172619,0.496172619,0.496172619,0.496172619,0.009857297,0.009857297,0.009857297,0.009857297,0.009857297,0.009857297,0.009857297,0.009857297,0.009604546,0.009604546,0.009604546,0.009604546,0.009604546,0.009604546,0.009604546,0.009604546,0.007503551,0.007503551,0.007503551,0.007503551,0.007503551,0.007503551,0.007503551,0.007503551,0.26854815,0.26854815,0.26854815,0.26854815,0.26854815,0.26854815,0.26854815,0.26854815,0.003554314,0.003554314,0.003554314,0.003554314,0.003554314,0.003554314,0.003554314,0.003554314,0.000480227,0.000480227,0.000480227,0.000480227,0.000480227,0.000480227,0.000480227,0.000480227,0.001920909,0.001920909,0.001920909,0.001920909,0.001920909,0.001920909,0.001920909,0.001920909
Oregon,gas,0.011554052,0.011554052,0.011554052,0.011418005,0.011077888,0.011077888,0.011077888,0.011077888,,,,,,,,,0.000146895,0.000146895,0.000146895,0.000146895,0.000146895,0.000146895,0.000146895,0.000146895,9.00E-05,9.00E-05,9.00E-05,9.00E-05,9.00E-05,9.00E-05,9.00E-05,9.00E-05,0.000971883,0.000971883,0.000971883,0.000971883,0.000971883,0.000971883,0.000971883,0.000971883,0.038875307,0.038875307,0.038875307,0.038875307,0.038875307,0.038875307,0.038875307,0.038875307,0.003035976,0.003035976,0.003035976,0.003035976,0.003035976,0.003035976,0.003035976,0.003035976,5.40E-06,5.40E-06,5.40E-06,5.40E-06,5.40E-06,5.40E-06,5.40E-06,5.40E-06,4.50E-05,4.50E-05,4.50E-05,4.50E-05,4.50E-05,4.50E-05,4.50E-05,4.50E-05
Pennsylvania,biomass,0.112387131,0.110347262,0.109327328,0.108464611,0.106307818,0.106307818,0.106307818,0.106307818,0.335765175,0.337383728,0.338537333,0.324739988,0.299246625,0.299246625,0.299246625,0.299246625,0.007592712,0.007623818,0.007639371,0.007897863,0.008544093,0.008544093,0.008544093,0.008544093,0.007556899,0.007587574,0.007602911,0.007863982,0.008516658,0.008516658,0.008516658,0.008516658,0.007503551,0.007503551,0.007503551,0.007503551,0.007503551,0.007503551,0.007503551,0.007503551,0.26854815,0.26854815,0.26854815,0.26854815,0.26854815,0.26854815,0.26854815,0.26854815,0.003554314,0.003554314,0.003554314,0.003554314,0.003554314,0.003554314,0.003554314,0.003554314,0.000377845,0.000379379,0.000380146,0.000393199,0.000425833,0.000425833,0.000425833,0.000425833,0.00151138,0.001517515,0.001520582,0.001572796,0.001703332,0.001703332,0.001703332,0.001703332
Pennsylvania,coal,0.137506314,0.136950807,0.136673053,0.136699812,0.136766709,0.136766709,0.136766709,0.136766709,0.676563761,0.67165674,0.669456924,0.687335343,0.732331814,0.732331814,0.732331814,0.732331814,0.016799338,0.016820127,0.016830522,0.016862641,0.01694294,0.01694294,0.01694294,0.01694294,0.013763639,0.013774852,0.013780459,0.013787686,0.013805755,0.013805755,0.013805755,0.013805755,0.001204175,0.001204116,0.001204086,0.001204553,0.001205721,0.001205721,0.001205721,0.001205721,0.011470372,0.011474516,0.011476589,0.011479546,0.011486938,0.011486938,0.011486938,0.011486938,0.000613212,0.000613219,0.000613222,0.000613226,0.000613238,0.000613238,0.000613238,0.000613238,8.26E-05,8.26E-05,8.27E-05,8.27E-05,8.28E-05,8.28E-05,8.28E-05,8.28E-05,0,0,0,0,0,0,0,0
Pennsylvania,gas,0.013055117,0.013055117,0.013055117,0.012717426,0.011873201,0.011873201,0.011873201,0.011873201,,,,,,,,,0.000147254,0.000147254,0.000147254,0.000147151,0.000146895,0.000146895,0.000146895,0.000146895,9.04E-05,9.04E-05,9.04E-05,9.03E-05,9.00E-05,9.00E-05,9.00E-05,9.00E-05,0.000977557,0.000977557,0.000977557,0.000975936,0.000971883,0.000971883,0.000971883,0.000971883,0.038875307,0.038875307,0.038875307,0.038875307,0.038875307,0.038875307,0.038875307,0.038875307,0.003030369,0.003030369,0.003030369,0.003031971,0.003035976,0.003035976,0.003035976,0.003035976,5.43E-06,5.43E-06,5.43E-06,5.42E-06,5.40E-06,5.40E-06,5.40E-06,5.40E-06,4.52E-05,4.52E-05,4.52E-05,4.52E-05,4.50E-05,4.50E-05,4.50E-05,4.50E-05
Rhode Island,gas,0.00522164,0.00522164,0.00522164,0.005322385,0.005574249,0.005574249,0.005574249,0.005574249,,,,,,,,,0.000146895,0.000146895,0.000146895,0.000146895,0.000146895,0.000146895,0.000146895,0.000146895,9.00E-05,9.00E-05,9.00E-05,9.00E-05,9.00E-05,9.00E-05,9.00E-05,9.00E-05,0.000971883,0.000971883,0.000971883,0.000971883,0.000971883,0.000971883,0.000971883,0.000971883,0.038875307,0.038875307,0.038875307,0.038875307,0.038875307,0.038875307,0.038875307,0.038875307,0.003035976,0.003035976,0.003035976,0.003035976,0.003035976,0.003035976,0.003035976,0.003035976,5.40E-06,5.40E-06,5.40E-06,5.40E-06,5.40E-06,5.40E-06,5.40E-06,5.40E-06,4.50E-05,4.50E-05,4.50E-05,4.50E-05,4.50E-05,4.50E-05,4.50E-05,4.50E-05
South Carolina,biomass,0.031063739,0.031063739,0.031063739,0.031213654,0.03158844,0.03158844,0.03158844,0.03158844,0.349515797,0.349515797,0.349515797,0.348862519,0.347221389,0.347221389,0.347221389,0.347221389,0.012522163,0.012522163,0.012522163,0.012549121,0.012616515,0.012616515,0.012616515,0.012616515,0.012385407,0.012385407,0.012385407,0.012413483,0.012483674,0.012483674,0.012483674,0.012483674,0.007503551,0.007503551,0.007503551,0.007503551,0.007503551,0.007503551,0.007503551,0.007503551,0.26854815,0.26854815,0.26854815,0.26854815,0.26854815,0.26854815,0.26854815,0.26854815,0.003554314,0.003554314,0.003554314,0.003554314,0.003554314,0.003554314,0.003554314,0.003554314,0.00061927,0.00061927,0.00061927,0.000620674,0.000624184,0.000624184,0.000624184,0.000624184,0.002477081,0.002477081,0.002477081,0.002482697,0.002496735,0.002496735,0.002496735,0.002496735
South Carolina,coal,0.043995812,0.043995812,0.043995812,0.043890815,0.043628322,0.043628322,0.043628322,0.043628322,0.847423647,0.847423647,0.847423647,0.871681422,0.932325857,0.932325857,0.932325857,0.932325857,0.025382258,0.025382258,0.025382258,0.025308431,0.025123864,0.025123864,0.025123864,0.025123864,0.016703314,0.016703314,0.016703314,0.016654598,0.01653281,0.01653281,0.01653281,0.01653281,0.001114329,0.001114329,0.001114329,0.001114971,0.001116576,0.001116576,0.001116576,0.001116576,0.010187199,0.010187199,0.010187199,0.010187199,0.010187199,0.010187199,0.010187199,0.010187199,0.000611232,0.000611232,0.000611232,0.000611232,0.000611232,0.000611232,0.000611232,0.000611232,0.00010022,0.00010022,0.00010022,9.99E-05,9.92E-05,9.92E-05,9.92E-05,9.92E-05,0,0,0,0,0,0,0,0
South Carolina,gas,0.009809698,0.009809698,0.009809698,0.009320113,0.008096149,0.008096149,0.008096149,0.008096149,,,,,,,,,0.000147097,0.000147097,0.000147097,0.000147069,0.000146998,0.000146998,0.000146998,0.000146998,9.03E-05,9.03E-05,9.03E-05,9.02E-05,9.02E-05,9.02E-05,9.02E-05,9.02E-05,0.000975078,0.000975078,0.000975078,0.000974632,0.000973517,0.000973517,0.000973517,0.000973517,0.038875307,0.038875307,0.038875307,0.038875307,0.038875307,0.038875307,0.038875307,0.038875307,0.003032818,0.003032818,0.003032818,0.003033259,0.003034361,0.003034361,0.003034361,0.003034361,5.42E-06,5.42E-06,5.42E-06,5.41E-06,5.41E-06,5.41E-06,5.41E-06,5.41E-06,4.51E-05,4.51E-05,4.51E-05,4.51E-05,4.51E-05,4.51E-05,4.51E-05,4.51E-05
South Dakota,coal,0.034432548,0.034432548,0.034432548,0.034432548,0.034432548,0.034432548,0.034432548,0.034432548,0.388519585,0.388519585,0.388519585,0.388519585,0.388519585,0.388519585,0.388519585,0.388519585,0.005600269,0.005600269,0.005600269,0.005600269,0.005600269,0.005600269,0.005600269,0.005600269,0.005388038,0.005388038,0.005388038,0.005388038,0.005388038,0.005388038,0.005388038,0.005388038,0.002935244,0.002935244,0.002935244,0.002935244,0.002935244,0.002935244,0.002935244,0.002935244,0.013342019,0.013342019,0.013342019,0.013342019,0.013342019,0.013342019,0.013342019,0.013342019,0.000800521,0.000800521,0.000800521,0.000800521,0.000800521,0.000800521,0.000800521,0.000800521,3.23E-05,3.23E-05,3.23E-05,3.23E-05,3.23E-05,3.23E-05,3.23E-05,3.23E-05,0,0,0,0,0,0,0,0
South Dakota,gas,0.023982326,0.023982326,0.023982326,0.024274348,0.025004404,0.025004404,0.025004404,0.025004404,,,,,,,,,0.000146895,0.000146895,0.000146895,0.000146895,0.000146895,0.000146895,0.000146895,0.000146895,9.00E-05,9.00E-05,9.00E-05,9.00E-05,9.00E-05,9.00E-05,9.00E-05,9.00E-05,0.000971883,0.000971883,0.000971883,0.000971883,0.000971883,0.000971883,0.000971883,0.000971883,0.038875307,0.038875307,0.038875307,0.038875307,0.038875307,0.038875307,0.038875307,0.038875307,0.003035976,0.003035976,0.003035976,0.003035976,0.003035976,0.003035976,0.003035976,0.003035976,5.40E-06,5.40E-06,5.40E-06,5.40E-06,5.40E-06,5.40E-06,5.40E-06,5.40E-06,4.50E-05,4.50E-05,4.50E-05,4.50E-05,4.50E-05,4.50E-05,4.50E-05,4.50E-05
Tennessee,biomass,0.030189385,0.030189385,0.030189385,0.030189385,0.030189385,0.030189385,0.030189385,0.030189385,0.286581988,0.286581988,0.286581988,0.286581988,0.286581988,0.286581988,0.286581988,0.286581988,0.007585216,0.007585216,0.007585216,0.007585216,0.007585216,0.007585216,0.007585216,0.007585216,0.00757925,0.00757925,0.00757925,0.00757925,0.00757925,0.00757925,0.00757925,0.00757925,0.007503551,0.007503551,0.007503551,0.007503551,0.007503551,0.007503551,0.007503551,0.007503551,0.26854815,0.26854815,0.26854815,0.26854815,0.26854815,0.26854815,0.26854815,0.26854815,0.003554314,0.003554314,0.003554314,0.003554314,0.003554314,0.003554314,0.003554314,0.003554314,0.000378963,0.000378963,0.000378963,0.000378963,0.000378963,0.000378963,0.000378963,0.000378963,0.00151585,0.00151585,0.00151585,0.00151585,0.00151585,0.00151585,0.00151585,0.00151585
Tennessee,coal,0.031483799,0.031483799,0.031483799,0.031625686,0.031980403,0.031980403,0.031980403,0.031980403,0.977376633,0.977376633,0.977376633,0.967369771,0.942132912,0.942132912,0.942132912,0.942132912,0.018678615,0.018678615,0.018678615,0.018664183,0.018628103,0.018628103,0.018628103,0.018628103,0.0140438,0.0140438,0.0140438,0.01406095,0.014103824,0.014103824,0.014103824,0.014103824,0.001222464,0.001222464,0.001222464,0.001222464,0.001222464,0.001222464,0.001222464,0.001222464,0.010187199,0.010187199,0.010187199,0.010187199,0.010187199,0.010187199,0.010187199,0.010187199,0.000611232,0.000611232,0.000611232,0.000611232,0.000611232,0.000611232,0.000611232,0.000611232,8.43E-05,8.43E-05,8.43E-05,8.44E-05,8.46E-05,8.46E-05,8.46E-05,8.46E-05,0,0,0,0,0,0,0,0
Tennessee,gas,0.007770758,0.007770758,0.007770758,0.007507748,0.006850222,0.006850222,0.006850222,0.006850222,,,,,,,,,0.000146895,0.000146895,0.000146895,0.000146895,0.000146895,0.000146895,0.000146895,0.000146895,9.00E-05,9.00E-05,9.00E-05,9.00E-05,9.00E-05,9.00E-05,9.00E-05,9.00E-05,0.000971883,0.000971883,0.000971883,0.000971883,0.000971883,0.000971883,0.000971883,0.000971883,0.038875307,0.038875307,0.038875307,0.038875307,0.038875307,0.038875307,0.038875307,0.038875307,0.003035976,0.003035976,0.003035976,0.003035976,0.003035976,0.003035976,0.003035976,0.003035976,5.40E-06,5.40E-06,5.40E-06,5.40E-06,5.40E-06,5.40E-06,5.40E-06,5.40E-06,4.50E-05,4.50E-05,4.50E-05,4.50E-05,4.50E-05,4.50E-05,4.50E-05,4.50E-05
Texas,biomass,0.022641039,0.018220392,0.016010068,0.016884149,0.019069353,0.019069353,0.019069353,0.019069353,0.376971768,0.382185853,0.384792896,0.384528419,0.383869243,0.383869243,0.383869243,0.383869243,0.016334792,0.012016462,0.009857297,0.009857297,0.009857297,0.009857297,0.009857297,0.009857297,0.016154917,0.011788003,0.009604546,0.009604546,0.009604546,0.009604546,0.009604546,0.009604546,0.007503551,0.007503551,0.007503551,0.007503551,0.007503551,0.007503551,0.007503551,0.007503551,0.26854815,0.26854815,0.26854815,0.26854815,0.26854815,0.26854815,0.26854815,0.26854815,0.003554314,0.003554314,0.003554314,0.003554314,0.003554314,0.003554314,0.003554314,0.003554314,0.000807746,0.0005894,0.000480227,0.000480227,0.000480227,0.000480227,0.000480227,0.000480227,0.003230983,0.002357601,0.001920909,0.001920909,0.001920909,0.001920909,0.001920909,0.001920909
Texas,coal,0.059054414,0.059515346,0.059745811,0.059818956,0.060001817,0.060001817,0.060001817,0.060001817,0.118936283,0.864837832,0.787788644,0.786559142,0.783484941,0.783484941,0.783484941,0.783484941,0.021736809,0.020478588,0.019849478,0.019872232,0.019929117,0.019929117,0.019929117,0.019929117,0.014511393,0.013889214,0.013578125,0.013584149,0.013599211,0.013599211,0.013599211,0.013599211,0.00187472,0.001887278,0.001893557,0.00189276,0.001890769,0.001890769,0.001890769,0.001890769,0.014416672,0.014465984,0.01449064,0.014487512,0.014479691,0.014479691,0.014479691,0.014479691,0.000895632,0.000899996,0.000902178,0.000901902,0.000901209,0.000901209,0.000901209,0.000901209,8.71E-05,8.33E-05,8.15E-05,8.15E-05,8.16E-05,8.16E-05,8.16E-05,8.16E-05,0,0,0,0,0,0,0,0
Texas,gas,0.022797135,0.022797135,0.022797135,0.021467105,0.01814203,0.01814203,0.01814203,0.01814203,0.142569665,0.142569665,0.142569665,0.199654712,9.28E-06,9.28E-06,9.28E-06,9.28E-06,0.000161896,0.000161896,0.000161896,0.000160005,0.000155276,0.000155276,0.000155276,0.000155276,0.000107177,0.000107177,0.000107177,0.000105015,9.96E-05,9.96E-05,9.96E-05,9.96E-05,0.001209095,0.001209095,0.001209095,0.001179186,0.001104413,0.001104413,0.001104413,0.001104413,0.038875307,0.038875307,0.038875307,0.038875307,0.038875307,0.038875307,0.038875307,0.038875307,0.002801555,0.002801555,0.002801555,0.002831112,0.002905005,0.002905005,0.002905005,0.002905005,6.43E-06,6.43E-06,6.43E-06,6.30E-06,5.98E-06,5.98E-06,5.98E-06,5.98E-06,5.36E-05,5.36E-05,5.36E-05,5.25E-05,4.98E-05,4.98E-05,4.98E-05,4.98E-05
Utah,coal,0.154669202,0.154669202,0.154669202,0.154641339,0.154571679,0.154571679,0.154571679,0.154571679,0.455393212,0.455393212,0.455393212,0.454549986,0.452651647,0.452651647,0.452651647,0.452651647,0.013605152,0.013605152,0.013605152,0.013565484,0.013466314,0.013466314,0.013466314,0.013466314,0.010271173,0.010271173,0.010271173,0.010232889,0.010137179,0.010137179,0.010137179,0.010137179,0.00121702,0.00121702,0.00121702,0.001217021,0.001217023,0.001217023,0.001217023,0.001217023,0.010187199,0.010187199,0.010187199,0.010187199,0.010187199,0.010187199,0.010187199,0.010187199,0.000611232,0.000611232,0.000611232,0.000611232,0.000611232,0.000611232,0.000611232,0.000611232,6.16E-05,6.16E-05,6.16E-05,6.14E-05,6.08E-05,6.08E-05,6.08E-05,6.08E-05,0,0,0,0,0,0,0,0
Utah,gas,0.020454078,0.020454078,0.020454078,0.018975359,0.01527856,0.01527856,0.01527856,0.01527856,,,,,,,,,0.000146895,0.000146895,0.000146895,0.000146895,0.000146895,0.000146895,0.000146895,0.000146895,9.00E-05,9.00E-05,9.00E-05,9.00E-05,9.00E-05,9.00E-05,9.00E-05,9.00E-05,0.000971883,0.000971883,0.000971883,0.000971883,0.000971883,0.000971883,0.000971883,0.000971883,0.038875307,0.038875307,0.038875307,0.038875307,0.038875307,0.038875307,0.038875307,0.038875307,0.003035976,0.003035976,0.003035976,0.003035976,0.003035976,0.003035976,0.003035976,0.003035976,5.40E-06,5.40E-06,5.40E-06,5.40E-06,5.40E-06,5.40E-06,5.40E-06,5.40E-06,4.50E-05,4.50E-05,4.50E-05,4.50E-05,4.50E-05,4.50E-05,4.50E-05,4.50E-05
Vermont,biomass,0.054445642,0.054445642,0.054445642,0.054445642,0.054445642,0.054445642,0.054445642,0.054445642,0.379126799,0.379126799,0.379126799,0.379126799,0.379126799,0.379126799,0.379126799,0.379126799,0.009857297,0.009857297,0.009857297,0.009857297,0.009857297,0.009857297,0.009857297,0.009857297,0.009604546,0.009604546,0.009604546,0.009604546,0.009604546,0.009604546,0.009604546,0.009604546,0.007503551,0.007503551,0.007503551,0.007503551,0.007503551,0.007503551,0.007503551,0.007503551,0.26854815,0.26854815,0.26854815,0.26854815,0.26854815,0.26854815,0.26854815,0.26854815,0.003554314,0.003554314,0.003554314,0.003554314,0.003554314,0.003554314,0.003554314,0.003554314,0.000480227,0.000480227,0.000480227,0.000480227,0.000480227,0.000480227,0.000480227,0.000480227,0.001920909,0.001920909,0.001920909,0.001920909,0.001920909,0.001920909,0.001920909,0.001920909
Vermont,gas,0.037912677,0.037912677,0.037912677,0.037912677,0.037912677,0.037912677,0.037912677,0.037912677,,,,,,,,,0.000146895,0.000146895,0.000146895,0.000146895,0.000146895,0.000146895,0.000146895,0.000146895,9.00E-05,9.00E-05,9.00E-05,9.00E-05,9.00E-05,9.00E-05,9.00E-05,9.00E-05,0.000971883,0.000971883,0.000971883,0.000971883,0.000971883,0.000971883,0.000971883,0.000971883,0.038875307,0.038875307,0.038875307,0.038875307,0.038875307,0.038875307,0.038875307,0.038875307,0.003035976,0.003035976,0.003035976,0.003035976,0.003035976,0.003035976,0.003035976,0.003035976,5.40E-06,5.40E-06,5.40E-06,5.40E-06,5.40E-06,5.40E-06,5.40E-06,5.40E-06,4.50E-05,4.50E-05,4.50E-05,4.50E-05,4.50E-05,4.50E-05,4.50E-05,4.50E-05
Virginia,biomass,0.026134991,0.026134991,0.026134991,0.022967388,0.015048381,0.015048381,0.015048381,0.015048381,0.372564422,0.372564422,0.372564422,0.374436517,0.3791268,0.3791268,0.3791268,0.3791268,0.00963839,0.00963839,0.00963839,0.009700934,0.009857297,0.009857297,0.009857297,0.009857297,0.009403149,0.009403149,0.009403149,0.009460691,0.009604546,0.009604546,0.009604546,0.009604546,0.007503551,0.007503551,0.007503551,0.007503551,0.007503551,0.007503551,0.007503551,0.007503551,0.26854815,0.26854815,0.26854815,0.26854815,0.26854815,0.26854815,0.26854815,0.26854815,0.003554314,0.003554314,0.003554314,0.003554314,0.003554314,0.003554314,0.003554314,0.003554314,0.000470157,0.000470157,0.000470157,0.000473035,0.000480227,0.000480227,0.000480227,0.000480227,0.00188063,0.00188063,0.00188063,0.001892138,0.001920909,0.001920909,0.001920909,0.001920909
Virginia,coal,0.098269457,0.098269457,0.098269457,0.099266573,0.101759362,0.101759362,0.101759362,0.101759362,0.854278732,0.854278732,0.854278732,0.799749839,0.785614825,0.785614825,0.785614825,0.785614825,0.01490102,0.01490102,0.01490102,0.014982915,0.015187654,0.015187654,0.015187654,0.015187654,0.012622312,0.012622312,0.012622312,0.012680468,0.012825859,0.012825859,0.012825859,0.012825859,0.001150716,0.001150716,0.001150716,0.00115194,0.001155001,0.001155001,0.001155001,0.001155001,0.094314946,0.094314946,0.094314946,0.092037739,0.086344723,0.086344723,0.086344723,0.086344723,0.000611232,0.000611232,0.000611232,0.000611232,0.000611232,0.000611232,0.000611232,0.000611232,7.57E-05,7.57E-05,7.57E-05,7.61E-05,7.70E-05,7.70E-05,7.70E-05,7.70E-05,0,0,0,0,0,0,0,0
Virginia,gas,0.018742562,0.018742562,0.018742562,0.018658303,0.018447653,0.018447653,0.018447653,0.018447653,4.47E-06,4.47E-06,4.47E-06,4.65E-06,4.95E-06,4.95E-06,4.95E-06,4.95E-06,0.000147277,0.000147277,0.000147277,0.000147168,0.000146895,0.000146895,0.000146895,0.000146895,9.05E-05,9.05E-05,9.05E-05,9.03E-05,9.00E-05,9.00E-05,9.00E-05,9.00E-05,0.000977916,0.000977916,0.000977916,0.000976192,0.000971883,0.000971883,0.000971883,0.000971883,0.038875307,0.038875307,0.038875307,0.038875307,0.038875307,0.038875307,0.038875307,0.038875307,0.003030014,0.003030014,0.003030014,0.003031717,0.003035976,0.003035976,0.003035976,0.003035976,5.43E-06,5.43E-06,5.43E-06,5.42E-06,5.40E-06,5.40E-06,5.40E-06,5.40E-06,4.52E-05,4.52E-05,4.52E-05,4.52E-05,4.50E-05,4.50E-05,4.50E-05,4.50E-05
Virginia,oil,0.01118836,0.01118836,0.01118836,0.01118836,0.01118836,0.01118836,0.01118836,0.01118836,0.499436377,0.499436377,0.499436377,0.499436377,0.499436377,0.499436377,0.499436377,0.499436377,0.000923599,0.000923599,0.000923599,0.000923599,0.000923599,0.000923599,0.000923599,0.000923599,0.000885921,0.000885921,0.000885921,0.000885921,0.000885921,0.000885921,0.000885921,0.000885921,0.000240114,0.000240114,0.000240114,0.000240114,0.000240114,0.000240114,0.000240114,0.000240114,0.001579695,0.001579695,0.001579695,0.001579695,0.001579695,0.001579695,0.001579695,0.001579695,0.000252751,0.000252751,0.000252751,0.000252751,0.000252751,0.000252751,0.000252751,0.000252751,0.000265776,0.000265776,0.000265776,0.000265776,0.000265776,0.000265776,0.000265776,0.000265776,7.97E-05,7.97E-05,7.97E-05,7.97E-05,7.97E-05,7.97E-05,7.97E-05,7.97E-05
Washington,biomass,0.112850521,0.112850521,0.112850521,0.112831867,0.112785231,0.112785231,0.112785231,0.112785231,0.455694432,0.455694432,0.455694432,0.455354425,0.454544619,0.454544619,0.454544619,0.454544619,0.009857297,0.009857297,0.009857297,0.009857297,0.009857297,0.009857297,0.009857297,0.009857297,0.009604546,0.009604546,0.009604546,0.009604546,0.009604546,0.009604546,0.009604546,0.009604546,0.007503551,0.007503551,0.007503551,0.007503551,0.007503551,0.007503551,0.007503551,0.007503551,0.26854815,0.26854815,0.26854815,0.26854815,0.26854815,0.26854815,0.26854815,0.26854815,0.003554314,0.003554314,0.003554314,0.003554314,0.003554314,0.003554314,0.003554314,0.003554314,0.000480227,0.000480227,0.000480227,0.000480227,0.000480227,0.000480227,0.000480227,0.000480227,0.001920909,0.001920909,0.001920909,0.001920909,0.001920909,0.001920909,0.001920909,0.001920909
Washington,coal,0.107294855,0.107294855,0.107294855,0.107294855,0.107294855,0.107294855,0.107294855,0.107294855,0.291389689,0.291389689,0.291389689,0.291389689,0.291389689,0.291389689,0.291389689,0.291389689,0.004877723,0.004877723,0.004877723,0.004877723,0.004877723,0.004877723,0.004877723,0.004877723,0.004870991,0.004870991,0.004870991,0.004870991,0.004870991,0.004870991,0.004870991,0.004870991,0.001601042,0.001601042,0.001601042,0.001601042,0.001601042,0.001601042,0.001601042,0.001601042,0.013342019,0.013342019,0.013342019,0.013342019,0.013342019,0.013342019,0.013342019,0.013342019,0.000800521,0.000800521,0.000800521,0.000800521,0.000800521,0.000800521,0.000800521,0.000800521,2.92E-05,2.92E-05,2.92E-05,2.92E-05,2.92E-05,2.92E-05,2.92E-05,2.92E-05,0,0,0,0,0,0,0,0
Washington,gas,0.018826951,0.018826951,0.018826951,0.016956273,0.012279578,0.012279578,0.012279578,0.012279578,,,,,,,,,0.000146895,0.000146895,0.000146895,0.000146895,0.000146895,0.000146895,0.000146895,0.000146895,9.00E-05,9.00E-05,9.00E-05,9.00E-05,9.00E-05,9.00E-05,9.00E-05,9.00E-05,0.000971883,0.000971883,0.000971883,0.000971883,0.000971883,0.000971883,0.000971883,0.000971883,0.038875307,0.038875307,0.038875307,0.038875307,0.038875307,0.038875307,0.038875307,0.038875307,0.003035976,0.003035976,0.003035976,0.003035976,0.003035976,0.003035976,0.003035976,0.003035976,5.40E-06,5.40E-06,5.40E-06,5.40E-06,5.40E-06,5.40E-06,5.40E-06,5.40E-06,4.50E-05,4.50E-05,4.50E-05,4.50E-05,4.50E-05,4.50E-05,4.50E-05,4.50E-05
West Virginia,biomass,0.029053592,0.029053592,0.029053592,0.029053592,0.029053592,0.029053592,0.029053592,0.029053592,0.284345999,0.284345999,0.284345999,0.284345999,0.284345999,0.284345999,0.284345999,0.284345999,0.010029089,0.010029089,0.010029089,0.010029089,0.010029089,0.010029089,0.010029089,0.010029089,0.010029089,0.010029089,0.010029089,0.010029089,0.010029089,0.010029089,0.010029089,0.010029089,0.007503551,0.007503551,0.007503551,0.007503551,0.007503551,0.007503551,0.007503551,0.007503551,0.26854815,0.26854815,0.26854815,0.26854815,0.26854815,0.26854815,0.26854815,0.26854815,0.003554314,0.003554314,0.003554314,0.003554314,0.003554314,0.003554314,0.003554314,0.003554314,0.000501454,0.000501454,0.000501454,0.000501454,0.000501454,0.000501454,0.000501454,0.000501454,0.002005818,0.002005818,0.002005818,0.002005818,0.002005818,0.002005818,0.002005818,0.002005818
West Virginia,coal,0.078524196,0.078524196,0.078524196,0.078646706,0.078952979,0.078952979,0.078952979,0.078952979,0.942912516,0.942912516,0.942912516,0.943748627,0.945867646,0.945867646,0.945867646,0.945867646,0.019118237,0.019118237,0.019118237,0.019107573,0.019080912,0.019080912,0.019080912,0.019080912,0.014236108,0.014236108,0.014236108,0.014231367,0.014219516,0.014219516,0.014219516,0.014219516,0.001222464,0.001222464,0.001222464,0.001222464,0.001222464,0.001222464,0.001222464,0.001222464,0.010187199,0.010187199,0.010187199,0.010187199,0.010187199,0.010187199,0.010187199,0.010187199,0.000611232,0.000611232,0.000611232,0.000611232,0.000611232,0.000611232,0.000611232,0.000611232,8.54E-05,8.54E-05,8.54E-05,8.54E-05,8.53E-05,8.53E-05,8.53E-05,8.53E-05,0,0,0,0,0,0,0,0
West Virginia,gas,0.027095457,0.027095457,0.027095457,0.021057146,0.005961369,0.005961369,0.005961369,0.005961369,,,,,,,,,0.000146895,0.000146895,0.000146895,0.000146895,0.000146895,0.000146895,0.000146895,0.000146895,9.00E-05,9.00E-05,9.00E-05,9.00E-05,9.00E-05,9.00E-05,9.00E-05,9.00E-05,0.000971883,0.000971883,0.000971883,0.000971883,0.000971883,0.000971883,0.000971883,0.000971883,0.038875307,0.038875307,0.038875307,0.038875307,0.038875307,0.038875307,0.038875307,0.038875307,0.003035976,0.003035976,0.003035976,0.003035976,0.003035976,0.003035976,0.003035976,0.003035976,5.40E-06,5.40E-06,5.40E-06,5.40E-06,5.40E-06,5.40E-06,5.40E-06,5.40E-06,4.50E-05,4.50E-05,4.50E-05,4.50E-05,4.50E-05,4.50E-05,4.50E-05,4.50E-05
Wisconsin,biomass,0.025551885,0.025551885,0.025551885,0.025171824,0.02422167,0.02422167,0.02422167,0.02422167,0.329258495,0.329258495,0.329258495,0.321241486,0.311989638,0.311989638,0.311989638,0.311989638,0.008372363,0.008372363,0.008372363,0.008394118,0.008448507,0.008448507,0.008448507,0.008448507,0.00822029,0.00822029,0.00822029,0.008247328,0.008314923,0.008314923,0.008314923,0.008314923,0.007503551,0.007503551,0.007503551,0.007503551,0.007503551,0.007503551,0.007503551,0.007503551,0.26854815,0.26854815,0.26854815,0.26854815,0.26854815,0.26854815,0.26854815,0.26854815,0.003554314,0.003554314,0.003554314,0.003554314,0.003554314,0.003554314,0.003554314,0.003554314,0.000411014,0.000411014,0.000411014,0.000412366,0.000415746,0.000415746,0.000415746,0.000415746,0.001644058,0.001644058,0.001644058,0.001649466,0.001662985,0.001662985,0.001662985,0.001662985
Wisconsin,coal,0.037104659,0.037104659,0.037104659,0.036294961,0.034270714,0.034270714,0.034270714,0.034270714,0.296579191,0.296579191,0.296579191,0.298546614,0.291348585,0.291348585,0.291348585,0.291348585,0.008972263,0.008972263,0.008972263,0.008952216,0.008902098,0.008902098,0.008902098,0.008902098,0.007537513,0.007537513,0.007537513,0.007519355,0.007473962,0.007473962,0.007473962,0.007473962,0.001549419,0.001549419,0.001549419,0.001550119,0.00155187,0.00155187,0.00155187,0.00155187,0.013451294,0.013451294,0.013451294,0.013461212,0.013486007,0.013486007,0.013486007,0.013486007,0.000798837,0.000798837,0.000798837,0.000799226,0.000800196,0.000800196,0.000800196,0.000800196,4.52E-05,4.52E-05,4.52E-05,4.51E-05,4.48E-05,4.48E-05,4.48E-05,4.48E-05,0,0,0,0,0,0,0,0
Wisconsin,gas,0.010740975,0.010740975,0.010740975,0.011005308,0.011666142,0.011666142,0.011666142,0.011666142,,,,,,,,,0.000146895,0.000146895,0.000146895,0.000146987,0.000147217,0.000147217,0.000147217,0.000147217,9.00E-05,9.00E-05,9.00E-05,9.01E-05,9.04E-05,9.04E-05,9.04E-05,9.04E-05,0.000971883,0.000971883,0.000971883,0.000973336,0.00097697,0.00097697,0.00097697,0.00097697,0.038875307,0.038875307,0.038875307,0.038875307,0.038875307,0.038875307,0.038875307,0.038875307,0.003035976,0.003035976,0.003035976,0.00303454,0.003030949,0.003030949,0.003030949,0.003030949,5.40E-06,5.40E-06,5.40E-06,5.41E-06,5.42E-06,5.42E-06,5.42E-06,5.42E-06,4.50E-05,4.50E-05,4.50E-05,4.51E-05,4.52E-05,4.52E-05,4.52E-05,4.52E-05
Wyoming,coal,0.120721522,0.074542167,0.051452489,0.049964062,0.046242993,0.046242993,0.046242993,0.046242993,0.542546562,0.542546562,0.542546562,0.563197792,0.614825871,0.614825871,0.614825871,0.614825871,0.013472593,0.013472593,0.013472593,0.014035712,0.01544351,0.01544351,0.01544351,0.01544351,0.010941869,0.010941869,0.010941869,0.011403223,0.012556609,0.012556609,0.012556609,0.012556609,0.001601042,0.001601042,0.001601042,0.001601042,0.001601042,0.001601042,0.001601042,0.001601042,0.013342019,0.013342019,0.013342019,0.013342019,0.013342019,0.013342019,0.013342019,0.013342019,0.000800521,0.000800521,0.000800521,0.000800521,0.000800521,0.000800521,0.000800521,0.000800521,6.57E-05,6.57E-05,6.57E-05,6.84E-05,7.53E-05,7.53E-05,7.53E-05,7.53E-05,0,0,0,0,0,0,0,0
Wyoming,gas,0.023695451,0.023695451,0.023695451,0.023695451,0.023695451,0.023695451,0.023695451,0.023695451,,,,,,,,,0.000146895,0.000146895,0.000146895,0.000146895,0.000146895,0.000146895,0.000146895,0.000146895,9.00E-05,9.00E-05,9.00E-05,9.00E-05,9.00E-05,9.00E-05,9.00E-05,9.00E-05,0.000971882,0.000971882,0.000971882,0.000971882,0.000971882,0.000971882,0.000971882,0.000971882,0.038875307,0.038875307,0.038875307,0.038875307,0.038875307,0.038875307,0.038875307,0.038875307,0.003035976,0.003035976,0.003035976,0.003035976,0.003035976,0.003035976,0.003035976,0.003035976,5.40E-06,5.40E-06,5.40E-06,5.40E-06,5.40E-06,5.40E-06,5.40E-06,5.40E-06,4.50E-05,4.50E-05,4.50E-05,4.50E-05,4.50E-05,4.50E-05,4.50E-05,4.50E-05